"Wahamiaji 55 waripotiwa kufa kwenye bahari ya Mediterranean, baada ya boti yao kupinduka karibu na Libya"
Rais wa Msumbiji aiomba kampuni ya TotalEnergies kuanzisha tena mradi wake wa kuchimba gesi
Rais Museveni yarudisha bungeni mswaada wa sheria kali dhidi ya wapenzi wa jinsia moja
Rais Xi na Rais Zelenskiy wazungumza kwa mara ya kwanza katika juhudi za kutatua mzozo kati ya Russia na Ukraine
Wagner yadaiwa kuisaidia RSF Sudan
Maiti za waliokufa kwa imani za kidini Kenya zaendelea kufukuliwa
Papa Francis afanya mageuzi ya usawa wa kijinsia katika kanisa
"Afrika Kusini yatoa sahihisho kuhusu kauli ya Rais Ramaphosa, itaendelea kuunga mkono mahakama ya ICC"
Museveni anataka kujua kwa nini washirika wake hawataki Muhoozi kuwa rais wa Uganda
Museveni anashauriana na vigogo wa chama kinachotawala kuhusu hatua ya mtoto wake kugombea urais
"Je, ni wakati wa Museveni kutangaza kwamba mtoto wake yupo tayari kumrithi kuongoza Uganda?"
Serikali ya Marekani yawapongeza wafanyakazi wake waliotekeleza majukumu ya kuwaondoa raia Sudan
Daktari wa Kimarekani aweka rikodi ya kupandikiza figo katika mazingira magumu Ukraine
Rais Biden atangaza rasmi kugombea tena uchaguzi wa 2024
MAISHA NA AFYA: Tunaangazia namna jamii inavyolichukulia tatizo la Usonji
Vijana wa Gheto kids wafanya makubwa katika British Got Talent
IMF yabaini kuwa uchumi wa duniani umegubikwa na mfumuko wa bei
Mataifa mengi ya kigeni yameanza kuwaondoa raia wao nchini Sudan
Matibabu yafanyika kwenye korido za hospitali huko Sudan
Mapambano makali yaifunika Eid al-Fitr nchini Sudan
Waislamu washerehekea Sikukuu ya Eid huku mapigano Sudan yakiendelea
Maiti zimezagaa kila kona ya Khartoum - Mashahidi
Mapigano kati ya wanamgambo wa Sudan na Jeshi yaendelea
Kwa nini Benki ya Dunia yasema viwango vya umaskini Zimbabwe bado viko juu?
"Faida ya kupima saratani ya matiti, na hatari za kuchelewa kutibiwa"
"Miongoni mwa waliokufa ni wanawake na watoto, ikiwa ajali ya karibuni zaidi kwenye bahari ya Mediterranean, ambayo hutumika kama njia ya wahamiaji wanaotaka kuingia Ulaya wakitokea Afrika."
"Kwa mujibu wa shirika la habari la AP, shirika la UN la Uhamiaji , IOM, limesema kwamba ajali hiyo ilitokea Jumanne, wakati boti hiyo ikiwa imebeba wahamiaji 60 , ikitokea mwenye mji wa bandari wa Garabouli, mashariki mwa mji mkuu wa Libya wa Tripoli."
IOM limesema kwamba wahamiaji 5 waliokolewa kutoka kwenye boti hiyo na kupelekwa kwenye ufukwe na walinzi wa pwani wa Libya.
Haijabainika hasa kilichosababisha ajali hiyo.
"Msemaji wa IOM, Safa Msehli amesema kwamba boti hiyo ilipinduka muda mfupi baada ya kuondoka Garabouli, akiongeza kwamba kufikia Jumatano, miili 9 ya wanaume ilikuwa imepatikana, pamoja na mtoto mmoja."
"Waliyookolewa ni wanaume 4, watatu wakiwa raia wa Pakistan na mmoja kutoka Misri, pamoja na mtoto mmoja kutoka Syria."
"IOM limesema kwamba takriban watu 537 wamekufa maji au kutoweka katika ajali zinazohusishwa boti za wahamiaji, kwenye bahari ya Mediterranean, karibu na ufukwe wa Libya mwaka huu, huku wengine zaidi ya 4,300 wakikamatwa na kurejeshwa kwenye ufukwe."
"Mapema mwezi huu, mradi wa wahamiaji waliopotea wa IOM, ulisema kwamba katika robo ya kwanza ya mwaka huu, kulikiwa na takriban vifo 441 vya wahamiaji kwenye bahari ya Maditerranean, kikiwa kiwango kikubwa zaidi tangu 2017."
"Hali” katika mkoa wa Cabo Delgado imeimarika kwa “kampuni hiyo kuanzisha tena shughuli zake muda wowote,” Nyusi aliuambia mkutano kuhusu madini na nishati mjini Maputo."
"TotalEnergies ilisitisha mradi wake wa kuchimba gesi wa dola bilioni 20 miaka miwili iliyopita baada ya shambulio baya katika mji wa Palma, mji wa pwani na kitovu cha gesi."
"Jimbo la kaskazini mwa Msumbiji la Cabo Delgado, linakabiliwa na uasi unaoendeshwa na wanamgambo wenye uhusiano na kundi la kigaidi la Islamic State."
"Uasi huo wa miaka mitano uliua watu 4,683, nusu yao wakiwa raia, na kuwalazimisha watu milioni 1 kuhama makazi yao."
Mkurugenzi mtendaji wa TotalEnergies Patrick Pouyanne alifanya ziara nchini Msumbiji mwezi Februari kujadili masharti ya kuanzisha tena shughuli za kampuni hiyo.
Mswaada huo wa kupiga marufuku ushoga wa mwaka 2023 unapendekeza adhabu kali dhidi ya yeyote anayejihusisha na mapenzi ya jinsia moja.
"Ninaurudisha mswaada huo bungeni ili uungaziwe upya,” Museveni aliandika katika barua kwa bunge."
Rais Museveni aliombwa na mashirika mengi ya kimataifa na nchi kadhaa za Magharibi kutupilia mbali kile ambacho kimeshtumiwa kuwa miongoni mwa sheria kali zaidi za kupinga ushoga duniani.
"Tofauti inapaswa kuwekwa katika mswaada huo “ kati ya kuwa shoga na kujihusisha na vitendo vya ushoga,” Museveni alisema katika barua yake iliyosomwa bungeni na naibu spika Thomas Tayebwa."
"Imependekeza “kipengele ili kuondoa shaka, mtu anayeaminiwa au anayedaiwa au anayeshukiwa kuwa shoga ambaye hajafanya tendo la ndoa na mtu mwingine wa jinsia moja isichukuliwe kama kosa”."
Museveni aliandika “Kilicho wazi ni kwamba jamii yetu haikubali mienendo au vitendo vya ushoga.
"Katika ujumbe wake wa Twitter, Zelenskyy hakutoa maelezo zaidi kuhusu mazungumzo yake na rais Xi, yakiwa mawasiliano yake ya kwanza rasmi na rais wa China tangu uvamizi wa Russia miezi 14 iliyopita."
"Zelenskyy alisema “Ninaamini mazungumzo haya ya simu, vile vile uteuzi wa balozi wa Ukraine nchini China, vitaleta msukumo mkubwa kwa maendeleo ya uhusiano wa nchi zetu mbili."
"Baadaye kwenye tovuti yake, ameyataja mazungumzo hayo kuwa yenye tija na kusema yatatoa mwelekeo wa “uwezekano wa majadiliano kwa lengo la kuweka mazingira ya amani ya haki na ya kudumu nchini Ukraine."
"Vyombo vya habari vya serikali ya China vimeripoti kwamba Xi alitoa wito kwa Zelenskiy kwa ajili ya mazungumzo kati ya Russia na Ukraine, akionya kuwa “hakuna mshindi katika vita vya nyuklia."
"Tangu mapigano yalipoanza mwezi Aprili, kumekuwa na ripoti ambazo hazijathibitishwa, na vyanzo vya kidiplomasia ambavyo vilizungumza na vyombo vya habari vilisema kwamba wapiganaji wa Wagner wanaliunga mkono na kulipatia silaha kundi la wanamgambo linalojulikana kama Rapid Support Forces."
"Afisa wa zamani wa Wizara ya Mambo ya Nje ya Marekani na mshirika mwandamizi katika Kituo cha Mafunzo ya Kimkakati na Kimataifa, Cameron Hudson, aliiambia Sauti ya Amerika kuwa Kundi la Wagner linatoa mifumo ya ulinzi wa anga, roketi, vifaru na silaha nzito za kivita."
RSF imekanusha kupokea msaada kutoka Russia.
"Wakati habari zinaibuka, hata hivyo, kwamba Kundi la Wagner linaweza kuwa linauunga mkono upande mmoja wa mapigano, wataalam wanaonya kujihusisha kwa kundi hilo la nje inaweza tu kuuzidisha mzozo huo, wakitoa mfano wa rekodi mbaya ya kundi hilo lenye mlolongo wa vitendo vya ukatili barani Afrika."
"Kwa nadra kundi hilo limekuwa likikiri kuhusika nchini Sudan, Waziri wa Mambo ya Nje wa Russia Sergei Lavrov alisema Jumanne kwamba uamuzi wa kulihusisha Kundi la Wagner ni juu ya uongozi wa Afrika."
"Jamhuri ya Afrika ya Kati na Mali na Sudan, na nchi kadhaa nyingine ambazo serikali zake zina mamlaka halali kwa huduma za aina hii [kwa Wagner Group], na zina haki ya kufanya hivyo,"" Lavrov aliuambia mkutano wa waandishi wa habari katika Umoja wa Mataifa."
"Maafisa wa ngazi za juu wa Marekani wanaendelea kuelezea wasiwasi wao kuhusu kuhusika kwa Kundi la Wagner nchini Sudan, ambako linajihusisha na uchimbaji madini."
"Kupatikana kwa dazerni ya miili iliyokuwa imezikwa katika msitu wa Shakahola karibu na mji wa pwani wa Malindi, uliwashtua wakenya, huku kiongozi wa dhehebu la kidini Paul Mackenzie Nthenge akishutumiwa kuwasukuma wafuasi wake kwa kuwahubiria kwamba kukaa na njaa ndiyo njia pekee ya kwenda kwa Mungu."
"Sakata la kutisha, ambalo limepewa jina la ""Mauaji ya Msitu wa Shakahola"", limesababisha msako kwa vikundi vya kidini katika nchi hiyo yenye wakristo wengi."
"Tumechimba makaburi matano ambayo yanafikisha jumla ya idadi ya watu waliopoteza maisha kufikia 95,"" Rhoda Onyancha, Mkuu wa Mkoa wa Pwani, aliwaambia waandishi wa habari."
"Shirika la Msalaba Mwekundu limetoa msaada wa jokofu la kontena la kwenye lori ili kusaidia kuhifadhi baadhi ya maiti kwa kuwa Chumba cha kuhifadhi maiti katika hospitali ya serikali iliyopo katika Kaunti ya Malindi kilikuwa tayari kimejaa darzeni ya maiti ikiwa ni zaidi ya uwezo wake, huku familia zikiwa na hamu ya kufahamu kama wapendwa wao walikuwa wamepatikana."
"Kijana Issa Ali alipelekwa Shakahola mwaka 2020 na mama yake, na aliliambia shirika la habari la AFP kuwa alikuwa akipigwa na Nthenge alipojaribu kuondoka, hadi baba yake alipomuokoa."
"Mara ya mwisho kumuona mama yangu ilikuwa mwezi Februari,"" mtoto huyo mwenye umri wa miaka 16 alisema kwa sauti ya upole."
Alikuwa dhaifu sana mara ya mwisho nilipomuona.
"Afisa wa Msalaba Mwekundu Kenya, Hassan Musa, aliliambia shirika la habari la AFP kuwa watu 311, wakiwemo watoto 150, wameripotiwa wamepotea huko Malindi."
Chanzo cha habari hii ni shirika la habari la AFP na Reuters
"Francis aliidhinisha mabadiliko hayo ya kanuni zinazosimamia Sinodi ya Maaskofu, chombo cha Vatican kinacho wajumuisha Maaskofu kutoka semehu mbalimbali duniani katika mkutano mikutano ya mara kwa mara, hii inakufuatia miaka mingi ya madai ya wanawake ya kuwa na haki ya kupiga kura."
"Vatikani siku ya Jumatano ilichapisha marekebisho aliyoyaidhinisha, ambayo yanasisitiza maono yake kwa waamini kuchukua jukumu kubwa katika masuala ya kanisa ambayo kwa muda mrefu yamekuwa yakifanywa na makasisi, maaskofu na makadinali."
"Makundi ya wanawake wa kikatoliki ambayo kwa muda mrefu yamekuwa yakiikosoa Vatikani kwa kuwachukulia wanawake kama raia wa daraja la pili , kwa haraka makundi hayo yaliipongeza hatua hiyo ya kihistoria katika kanisa hilo."
"Tangu baraza kuu wa Pili la Vatikani, katika mkutano iloiyofanyika miaka ya 1960 iliyotaka kanisa liwe la kisasa, kila wakati mapapa walikuwa wakiwaita maaskofu kutoka sehemu mbalimbali ulimwenguni kwenda Roma kwa wiki chache kwa wakati mmoja ili kujadili mada maalumu."
"Baada ya mkutano kumalizika, maaskofu hupiga kura juu ya mapendekezo hayo maalum na kuyapeleka kwa papa, ambaye kisha hutoa hati inayozingatia maoni yao."
"Hadi sasa, watu pekee walioweza kupiga kura ni wanaume."
"Lakini chini ya mabadiliko hayo mapya, masista watano wa kidini wataungana na makasisi watano kama wawakilishi wa kupiga kura kwa ajili ya maagizo hayo ya kidini."
Ofisi ya rais jioni Jumanne ilifuta maoni ya Ramaphosa aliyoyatoa hapo awali siku hiyo na kusema aliyatamka kimakosa aliposema chama tawala cha African National Congress (ANC) “kitajiondoa” kutoka ICC.
"Matamashi yake yaliibua utata wakati Rais wa Russia Vladimir Putin, ambaye anatakiwa na ICC kwa uhalifu wa kivita nchini Ukraine, amealikwa kuhudhuria mkutano wa Agosti nchini Afrika Kusini."
"Ikiwa ni nchi iliyosaini Mkataba wa Roma ambao uliunda ICC, Pretoria italazimika kumkamata Putin iwapo ataingia nchini humo."
"Lakini saa chache baada ya Ramaphosa kusema kuwa chama cha ANC kitajiondoa kutoka mahakama ya The Hague, msemaji wake, Vincent Magwenya, alisema kauli yake ilikuwa na makosa."
"Afrika Kusini itaendelea kuwa ni sehemu ya mahakama ya ICC kufuatana na azimio la 55 la mkutano wa kitaifa wa ANC– uliofanyika Desemba 2022 – kubatilisha uamuzi wa awali wa kujitoa kutoka ICC,” alisema."
"Magwenya alisema sahihisho hilo linafuatia kosa lililofanyika wakati wa mkutano na vyombo vya habari uliofanywa na ANC juu ya suala la Afrika Kusini na ICC, ambapo alisema rais amejutia hilo na anathibitisha “kukosea."
Ramaphosa alisema kulikuwa na hisia ya muda mrefu ndani ya chama tawala kuwa mahakama hiyo haitendi haki kwa baadhi ya nchi.
ANC ilitaka kujiondoa kutoka ICC miaka kadhaa iliyopita lakini ilizuiliwa kufanya hivyo na uamuzi wa mahakama ya Afrika Kusini iliyogundua ni kinyume cha katiba kufanya hivyo.
Rais wa Russia Vladimir Putin
"Haiko bayana iwapo Putin atahudhuria mkutano huo wa kikundi cha BRICS unaozijumuisha nchi za – Brazil, Russia, India, China na Afrika Kusini."
"Hata kama atahudhuria, hakuna uwezekano wa kuthibitisha kuwa Afrika Kusini itamkamata rais wa Russia."
"Pretoria ilikataa kutekeleza hati ya ICC ya kumkamata Rais wa zamani wa Sudan Omar al-Bashir alipozuru Afrika Kusini 201Chama cha ANC ni rafiki mkuu wa Moscow, ambayo kama kiongozi wa Umoja wa Sovieti uliunga mkono vita vyake dhidi ya Ubaguzi wa utawala wa wazungu wachache."
"Kyiv pia iliunga mkono harakati ya ANC kufikia demokrasia, lakini Pretoria hadi sasa imekataa kuilaani Kremlin kwa uvamizi wa Ukraine."
Kati ya wanaofanya vikao vya moja kwa moja na Museveni ni majenerali wastaafu ambao walipigana vita vilivyomuwezesha Museveni kuingia madarani mwaka 1986.
Museveni amefanya vikao na washirika wake wa karibu na wenye ushawishi ndani ya chama kinachotawala cha National resistance movement NRM na ambao wamesikika hadharani wakipinga kampeni ya Generali Muhoozi Kainerugaba kutaka kugombea urais katika uchaguzi mkuu wa mwaka 2026.
"Vigogo hao wa NRM wakiongozwa na Generali Mustaafu Kahinda Otafiire, wamekuwa wakisema kwamba watahakikisha kwamba Museveni anagombea mhula mwingine madarani, na kwamba hawawezi kumruhusu mwanawe, Generali Muhoozi kuongoza Uganda."
"Muhoozi, ambaye alitangaza hivikaribuni kupitia ukurasa wake wa twiter kwamba atagombea urais, amejiita kuwa standby generator, yani mtambo mbadala wa kuzalisha umeme, wakati mfumo wa kawaida wa umeme unapozima, amekuwa akikosoa chama cha NRM akisema kwamba kimeoza na hakina tena uwezo wa kuongoza Uganda."
"Lakini Vigogo wa chama wamekuwa wasikisitiza kwamba Muhoozi, hana sifa yoyote ya uongozi, saw ana generator iliyokufa."
Wnataka Museveni kuendelea kuwa rais hazi atakapozidisha umri wa miaka 80.
"Museveni, hajatangaza iwapo atagombea mhula mwingine lakini kila mara huwa anasema ni watu wake na chama chake ndio wanataka aendee kuwa rais."
"Prof Mwambutsya Ndebeesaa ni mhadhiri wa siasa katika chuo kikuu cha Makerere, Uganda"
"Anajaribu kumtengenezea mwanawe mazingira ya kisiasa ili itakapofika wakati wa uchaguzi mkuu, Muhoozi atakuwa amepata umaarufu kote nchini."
Wanasaisa wengine hawaruhusiwi kufanya kampeni na wanapojaribu kufanya hivyo wanakabiliwa na nguvu kubwa za polisi.
Sioni kama kuna mtu yeyote atasimama katika chama cha NRM na kupinga Muhoozi kuwa mgombea wa urais kwa sababu Museveni atawanyamazisha wote” amesema Prof Ndebesa.
"Kiongozi wa upinzani nchini Uganda Robert Kyagulanyi, maarufu kama Bobi Wine, akihutubia waandishi wa habari jijini Kampala, Uganda, Feb."
"22, 2021."
Muhoozi ameanza kufanya kampeni
"Museveni, anakutana na vigogo wa chama mmoja baada ya mwingine."
Anataka kusikia kutoka kwo sababu zao za kukataa au kuidhinisha Generali Muhoozi kuwa mgombea wa urais.
Muhoozi anafanya kampeni kwa sasa licha ya kwamba ni mwanajeshi na sheria haimruhusu kufanya siasa.
"Anasisitiza kwamba ansikiliza kilio cha raia wa Uganda ambao wanataka kuona mabadiliko, maana kwamba wanataka kuona babake akiondoka madarakani."
"Muhoozi amekuwa akizuru nchini Rwanda mara kadhaa, mara ya mwisho ikiwa wiki hii, ambapo amedai kwamba amerejesha uhusiano mwema kati ya Rwanda na Uganda, hoja nayoitumia kama ujuzi wake wa kidiplomasia."
"Wachambuzi wa saisa wanasema chama cha NRM kimepoteza ufuasi wa vijana na kuingiwa uoga, Generali Muhoozi akilenga kampeni ya mapema kumaliza nguvu za Robert Kyagulanyi, maarufu Bobi Wine."
"Lakini baadhi ya raia wa Uganda kama Sadam Mubale, wana mtazamo kwamba umaarufu wa Muhoozi hauwezi kulinganishwa na umaarufu wa Bobi Wine"
Bobi Wine alikuwa na umaarufu hata kabla y kuingia katika siasa.
Umaarufu wake upo kote nchini kutokana na muziki wake ulioangazia sana matatizo katika jamii na maswala ya kisiasa.
Generali Muhoozi ameanza tu kujulikana kutokana na kupandishwa vyeo katika jeshi na watu kuanza kumzungumzia kwa kile kinaaminika kama anaandaliwa kuwa kumrithi babake.
"Kwa muda mrefu, wanasiasa, wanajeshi wa ngazi ya juu na wachambuzi wa siasa nchini Uganda wamekuwa wakidai kwmaba Museveni amekuwa akimtayarisha mwanawe, Generali Muhoozi Kainerugaba kumrithi."
"Amepandisha cheo katika jeshi mara kadhaa kwa muda mfupi usivyokawaida katika jeshi, kiasi cha kufikia kiwango cha juu kabisa."
"Kinachosubiriwa kutoka kwa Generali Muhoozi, ni kustaafu kutoka kwa jeshi na kugombea urais."
Kennes Bwire
"Kennes Bwire ni mwanahabari wa Sauti ya Amerika, Washington DC."
"Kuzuka kwa mapigano siku nane zilizopita kati ya jeshi la Sudan na kikosi cha wanamgambo cha Rapid Support Forces (RSF) kulisababisha mzozo wa kibinadamu, na kuua watu 420 na mamilioni ya raia wa Sudan wakiwa wamekwama wakiwa hawana fursa za huduma za msingi."
"Wakati watu wanajaribu kukimbia machafuko, nchi zimeanza kupeleka ndege zao na kuandaa misafara mjini Khartoum ili kuwaondoa raia wao."
Baadhi ya raia wa kigeni walijeruhiwa.
Mwandishi wa Reuters amesema milio ya risasi ilisikika kote mjini humo na moshi mweusi umetanda angani.
"Pande zinazozozana zimeshtumiana kwa kuushambulia msafara wa Ufaransa, kila upande ukisema raia mmoja wa Ufaransa alijeruhiwa."
"Wizara ya mambo ya nje ya Ufaransa ambayo awali ilisema ilikuwa inawaondoa wafanyakazi wa ubalozi na raia wake, haikutoa maoni yoyote."
"Ufaransa imesema ndege ya Ufaransa iliyokuwa imebeba watu 100 ukiwemo ujumbe wa Umoja wa Ulaya mjini Khartoum pamoja na raia wengine iliondoka kuelekea Djibouti, na ndege ya pili iliyokuwa na idadi kama hiyo ilitarajiwa kuondoka muda mfupi baadaye."
Juhudi za kuwaondoa wakazi wa kigeni zimewakasirisha baadhi ya Wasudan ambao wamehisi kuwa pande hasimu zimeonyesha kuwa hazijali usalama wa wenyeji.
"Rais wa Zimbabwe Emmerson Mnangagwa aliongoza sherehe za kuadhimisha miaka 43 ya uhuru wan chi kutoka wa Uingereza, akiwasihi raia kuendelea kuungana wakati uchumi unafufuka."
Aliongezea kwamba serikali imetekeleza “miradi mikuwa ya kubadili maisha” ili kuwainua wazimbabwe kutoka kwenye umaskini na kuingia katika ustawi.
Inatia moyo kwamba mashinikizo ya mfumuko wa bei yanaendelea kupungua kutokana na mchanganyiko wa mikakati ya kifedha na sera kali za fedha.
"Upanuzi ukionekana wazi, uzalishaji na faidha zikionekana katika sekta zote za uchumi wetu ambao nchi unaziona zikiwa na kiwango cha juu cha wastani wa pato la ndani la jumla likiongezeka katika eneo letu,” anasema Mnangagwa."
"Lakini kilometa chache kutoka hapo Florence Makashe, anauza viazi vitamu ili kuihudumia familia yake."
Anasema serikali ya Mnangagwa ichukue hatua.
"Bei ya mkate iko ni ghali ikipelekea wengi kushindwa kumudu kununua kutokana na umaskini ulioikumba Zimbabwe Machi 4, 2019."
Makashe anasema “tumesuluhisha kwamba bei za bidhaa katika maduka yetu ni vyema zipunguzwe.
Ada za shule zinaendelea kupanda.
Tunapata simu kutoka shule zikitueleza kuhusu kupanda kwa ada.
Hayo ni masuala makuu ambayo tunayalilia.
Ripoti ya Benki ya Dunia iliyotolewa April mwaka huu ilisema viwango vya umaskini bado viko juu ingawaje vinashuka.
"John Maketo mkuu wa program katika Zimbabwe Coalition on Debt and Development, shirika lisilo la kiserikali linalounga mkono haki ya kijamii na kiuchumi, anasema sera potofu zinazopendelea wasomi ndiyo za kulaumiwa kwa kuendelea kwa umaskini."
"Unapokuwa na hali kama hii ambako sera haziangalii zaidi watu, matokeo yake ni kwamba unakuwa na idadi kubwa ya watu ambao wamegubikwa na umaskini,” anasema Maketo."
"Aliongezea kwamba kwasababu ya deni kubwa sana la umma la Zimbabwe, nchi inashindwa kupata mikopo mipya, na matokeo yake ni uwekezaji mdogo katika ajira ili kupunguza umaskini."
"Hiyo imewaathiri watu kama Florence Makashe, ambaye anaishi katika umaskini."
"Lakini sehemu inayotia uchungu zaidi kwenye safari ya mkutubi huyu anayepambana na saratani ni kuelemewa na gharama za matibabu ambapo kila mzunguuko wa mionzi unaogharimu shilingi za Kenya 35,000 ($280.11), zaidi ya mwezi mmoja na nusu wa wastani wa mshahara nchini Kenya."
Unaweza kupata wapi pesa hizo?
"Wakati mwingine hata ukiwapigia watu simu hawapokei,” alisema Maina na kuangua kilio."
"Kama ilivyo katika nchi nyingi za Afrika, visa vingi vya saratani vinagunduliwa vikiwa katika hatua ya juu ambayo haina matibabu na familia huingia gharama kubwa kwa kuuza mali au kukopa fedha, kulingana na ripoti ya benki ya dunia."
Unyanyapaa hufanya tatizo kuwa baya zaidi.
"Wanawake nchini Kenya mara nyingi wanaogopa kufanyiwa uchunguzi wa baadhi ya saratani ambazo ni hatari zaidi na huathiri watu wengi kama vile saratani ya shingo ya kizazi na matiti, alisema Bridget Nyabuto, daktari katika Kituo cha Tiba ya Mionzi na Saratani cha Nairobi."
Chanzo cha habari hii ni shirika la habari la Reuters
Hospitali Khartoum zaelemewa na majeruhi
Juhudi za kusitisha mapigano Sudan zazaa matunda
Kenya: Polisi wapekua msitu kutafuta miili ya wafuasi wa dhehebu linalodaiwa kuwa la udanganyifu
Joe Biden kuwania tena urais 2024
Idadi ya waumini wa dhehebu la Kenya waliofariki kwa njaa yafikia 73
Changamoto zinazoukabili ushirikiano baina ya Marekani na Korea Kusini
Wanadiplomasia na raia wa nchi za nje waondolewa Khartoum
Polisi Kenya wamegundua miili ya watu 51 katika kijiji cha Shakahola huko Malindi
Takriban miili 40 yapatikana ikiwa imezikwa kwenye shamba la mchungaji mwenye dhehebu lenye utata Kenya
Waliojiua wakitaka kukutana na Yesu wafukuliwa
Jaribio jipya la kusitisha mapigano lagonga mwamba Sudan
Maelfu ya wakazi wa Khartoum waukimbia mji
Vita vya Sudan: Watu 200 wafariki dunia
"Evans Chebet ashinda Boston Marathon, Obiri ashinda kwa wanawake Kipchoge akosa medali"
Makampuni ya Australia kuchimba madini Tanzania
RSF yatajwa kuwa kundi la waasi Sudan
"Akizungumza na sauti ya Amerika kwa njia ya simu kutoka Khartoum, rais wa chama cha madaktari nchini Sudan Hiba Omar amesema, hospitali zimeelemewa na idadi kubwa ya watu waliojeruhiwa huku kukiwa na upungufu mkubwa wa madaktari, wahudumu, dawa na vifaa."
"Daktari Omar ambaye amekuwa akiishi katika hospitali tofauti tangu vita vilipozuka, hali ambayo imesababisha baadhi ya hospitali kufungwa na wagonjwa kuhamishwa katika hospitali nyingine hali kadhalika madaktari nao wanatoka hospitali moja hadi nyingine."
"Daktari huyo amesema “hali ni mbaya sana, sijalala siku ya pili leo, majeruhi ni wengi na tuna uhaba wa wafanyakazi."
Hata hivyo Dk. Omar amesema wamekuwa wakipokea msaada wa vifaa kutoka wa Shirika la Madaktari Wasio na Mipaka (MSF).
"Mapigano makali katika mji huo Khartoum yalisababisha ugumu kwa watu kufikia huduma za msingi wakati hospitali zinakabiliwa na uhaba mkubwa wa wafanyakazi, madaktari, umeme, mafuta na “kila kitu kasoro waathirika” alisema."
"Licha ya mapigano ya hapa na pale, Marekani imeweza kusimamia sitisho la mapigano la saa 72 kati ya majenerali wawili waliohasimiana, huku wakazi wa mji huo wanatumia hali ya utulivu uliopo kukusanya tena mahitaji muhimu au kuondoka mjini Khartoum."
Waziri wa Mambo ya Nje wa Marekani Antony Blinken Jumatatu alitangaza kwamba pande zinazo zozana nchini Sudan zimekubaliana kusitisha mapigano kwa saa 72.
"-Imetayarishwa na Mariam Mniga, VOA, Washington DC"
Watu katika mji mkuu wanaitumia hali ya utulivu uliopo katika mapigano ili kukusanya tena mahitaji muhimu au kulihama jiji la Khartoum.
"Blinken alisema makubaliano kati jeshi la Sudan (SAF) au SAF, na Rapid Support Forces (RSF), yalianza ""kufuatia mashauriano mazito katika muda wa saa 48 zilizopita."
"Marekani imeyataka majeshi ya SAF na RSF kuunga mkono mara moja na kikamilifu usitishaji mapigano,"" Blinken alisema."
"Alisema Marekani itashirikiana na washirika wa kikanda na wa kimataifa na wadau wa kiraia wa Sudan kusaidia kuunda kamati yenye lengo la kupatikana kwa ""sitisho la kudumu la mapigano na kuweka mipango ya masuala ya kibinadamu nchini Sudan."
"Katika taarifa ya maandishi ya Jumatatu, RSF ilisema imekubali kusitisha mapigano ""ili kufungua njia za kibinadamu, kuwawezesha raia na wakaazi kutoka na kwenda kujipatia mahitaji yao muhimu, kwenda hospitali na maeneo salama na kuwezesha balozi kuwaondoa wafanyakazi wao."
"Pia tunatoa wito kwa jumuiya ya kimataifa kuingilia kati na kuweka shinikizo kwa jeshi la Sudan kutii masharti ya kusitisha mapigano,"" ilisema RSF kupitia mtandao wa Twitter."
Hakuna taarifa rasmi za haraka kutoka kwa jeshi la Sudan kuhusu usitishaji mapigano uliosimamiwa na Marekani.
"Siku ya Jumanne raia wa mji wa Khartoum walijitosa kununua chakula na mahitaji muhimu siku ya au walipakia kwenye magari kuutoroka mji huo, wakitafuta maeneo salama wakati kusubiri mapigano hayo, ambayo yalianza Aprili 15."
Kuwaondoa wanadiplomasia kutoka Khartoum kuliendelea kwa siku ya tatu.
"Noordin Haji mkurugenzi wa mashataka ya umma: “Kanuni ya adhabu inaweza isitoshe lakini tutaangalia na kuona kulingana na aina gani ya ushahidi tunaoupata ili kuturuhusu kupeleka mashtaka yanayoendana na uhalifu ambao umetokea hapa, ambao ni wa kutisha."
Kwa kuanzia pengine tutazingatia hata kumshitaki mtu huyo kwa uhalifu unaohusiana na ugaidi kama vile itikadi kali.
Vyanzo vya habari vya polisi vimeiambia AFP jana jioni kuwa idadi ya vifo imefikia 73 wakati watu kadhaa wakiwa wameokolewa na kupelekwa hospitali.
Ugunduzi huo wa kusikitisha umeleta mshtuko kote nchini na kumfanya rais William Ruto kuaahidi kupambana na vuguvugu la dini zisizokubalika kukiwa na hofu kwamba idadi ya watu walioathiriwa inatarajiwa kuongezeka zaidi.
Polisi na wakazi wa eneo wakipakia miili ya watu ambao ni waathirika wa dhehebu linachodaiwa kuwa la udanganyifu.
"katika kijiji cha Shakahola, karibu na mji wa pwani karibu na Malindi, kusini mashariki ya Kenya, Aprili 23, 2023."
Inaaminika kwamba wafuasi wa kanisa la Good News International wanaweza kuwa bado wamejificha katika msitu wa Shakahola na wako katika hatari ya kifo ikiwa hawatapatikana haraka.
"Wagombea rasmi kutoka vyama viwili vikuu vya siasa nchini Marekani, Demokrat na Republican, hawata chaguliwa kwa zaidi ya mwaka mmoja, miezi kadhaa kabla ya uchaguzi wa Novemba 2024."
Lakini kuwepo kwa Biden madarakani kunamaanisha itakuwa vigumu kwa mfano ukizingatia kwamba wafuasi wa chama cha Demokratic kumchagua mtu mwingine kama mgombea wao.
Biden alimshinda rais kutoka chama cha Republican Donald Trump katika uchaguzi wa mwaka 2020 na kuchukua madaraka ya muhula wake wa kwanza.
"Trump alikataa kukubali matokeo ya uchaguzi, akitoa madai yasiyo na msingi ya wizi katika uchaguzi."
"Umati wa wafuasi wa Trump walivamia jengo la bunge la Marekani wakati wabunge walipokuwa wakikutana ili kurasmisha uchaguzi hapo Januari 2021, na kampeni ya Biden zilitumia matukio ya shambulio hilo kutangaza azma yake siku ya Jumanne."
"Kila kizazi cha Wamarekani kimekabiliwa na wakati ambapo wanapaswa kutetea demokrasia,"" Biden alisema."
Msimame kwa uhuru wetu wenyewe.
Msimame kwa haki ya kupiga kura na haki zetu za kiraia.
"Aliwataja warepublican kuwa wanafanya kazi ya kuzuia fursa ya utoaji mimba, kupunguza fedha kwa ajili ya Usalama wa Jamii, kuweka vizuizi kwa haki za kupiga kura na ""kuwaambia watu, nani wanaweza kumpenda."
"Biden, ambaye alikuwa rais mwenye umri mkubwa zaidi wa taifa hili wakati wa kuapishwa kwake, amepuuza wasiwasi kuhusu umri wake kabla ya kampeni nyingine ya urais."
Atakuwa na umri wa miaka 82 atakapoanza muhula mpya wa uraisi.
Biden ameweka matarajio yake katika mafanikio yake ya kiutawala katika muhula wa kwanza na uzoefu wa zaidi ya miaka 50 Washington ambao utakuwa muhimu zaidi kuliko wasiwasi juu ya umri wake.
"Anakabiliwa na njia nyepesi ya kushinda uteuzi wa chama chake, bila wapinzani wakubwa wa Demokrat."
Lakini anatrajiwa kuwa tayari kwa mapambano makali ya kushikilia nafasi hiyo ya urais katika taifa lililogawanyika sana.
Baadhi ya habari hizi zinatoka katika Shirika la habari ka AP
"Operesheni kubwa ya kuwatafuta manusura ilikuwa ikiendelea karibu na mji wa pwani wa Malindi ambako miili kadhaa ilifukuliwa mwishoni mwa jumaa, hali iliyozua taharuki nchini Kenya, huku Rais William Ruto akiapa kukabiliana na mienendo ya kidini “isiyokubalika."
"Uchunguzi ulianzishwa dhidi ya kanisa la Good News International Church na kiongozi wake Paul Mackenzie Nthenge ambaye alitajwa katika hati za mahakama, ambaye alihubiri kuwa kifo cha njaa kitawafikisha waumini kwa Mungu."
"Inaaminika kuwa baadhi ya waumini wake bado wanajificha msituni karibu na kijiji cha Shakahola, ambao ulivamiwa na polisi mapema mwezi huu baada ya taarifa kutoka kwa kundi la eneo hilo linalofanya kazi bila kutafuta faida."
"Tulipata miili 73 kutoka msituni kufikia jioni na zoezi litaendelea Jumanne,” afisa wa polisi anehusika katika uchunguzi ambaye hatuka jina lake litajwe ameiambia AFP."
"Utapata mengi Zaidi katika ripoti za waandishi wetu, baadaye kwenye matangazo hayo."
"Ziara hiyo ya kiserikali inaashiria uhusiano imara kati ya Marekani na Korea Kusini, ambayo mwaka huu inaadhimisha miaka 70 tangu kuanzishwa kwake."
Lakini washirika hao pia wanakabiliwa na changamoto ambazo hazikutarajiwa.
"Kwa njia moja au nyingine, inaonekana kama hadithi zilizopita - Korea Kaskazini kufanya uchokozi, kama ule wa kurusha kombora mapema mwezi huu."
"Katika majibu yao Marekani na Korea Kusini walifanya maonyesho makubwa ya nguvu za kijeshi, kama mazoezi yale ya ndege za kivita za marekani."
Inawezekana swali kubwa zaidi ni endapo Wakorea Kusini wanaiamini Marekani kuitetea nchi yao.
"Wakati Korea Kaskazini sasa inaweweza kutoa vitisho kwa Marekani, maswali mengi yamehoji endapo Washington ingeingilia kati mzozo huo."
Swali hilo muhimu ni kwa Yoon Suk Yeol mwenye mashaka na Korea Kusini ya utengenezaji wake wa silaha za nyuklia na endapo masuala yake ya kiusalama hayatashughulikiwa.
"Kuwahakikishia Wakorea Kusini, Washington imetuma vifaa vyake vya kijeshi vyenye nguvu zaidi."
"Lakini Seoul inataka zaidi, anasema mchambuzi wa kituo cha Stimson Jenny Town."
Chanzo kingine cha mvutano ni kusita kwa Korea Kusini kuipatia Ukraine silaha.
"Ingawa Korea Kusini imekuwa muuzaji mkubwa wa silaha nje, inasema haiwezi kuipatia Ukraine silaha moja kwa moja kwa sababu ya sheria za nchi hiyo."
"Badala yake, Korea Kusini imesaidia kwa njia isiyo ya moja kwa moja - kwa kuidhinisha uuzaji wa silaha, kama ule wa vifaru, kwa nchi kama vile Poland ambazo zinaipatia Ukraine silaha."
"Mivutano kati ya Marekani na Korea Kusini kuhusu Ukraine ilifichuliwa katika uvujaji wa nyaraka za Marekani hivi karibuni , ambazo zilisema Washington ilikuwa ikiwafanyia ujasusi maafisa wakuu wa serikali wa Korea Kusini."
"Seoul imepuuza tukio hilo la ujasusi, lakini Wakorea wengi bado wamekasirishwa, anasema mwanazuoni Park Won-gon wa Chuo kikuu cha Ewha."
"Lakini akiwa mjini Washington, Yoon anatarajia kukutana na hadhira itakayomshangilia, wakati akiadhimisha miongo saba ya muungano huo ambao ni maarufu sana katika nchi zote mbili."
"Canada, Misri, Ufaransa, Ujerumani, Italia, Sweden na Marekani ni miongoni mwa mataifa yanayotumia ndege na misafara kuwaondoa raia wa kigeni kutoka Sudan."
"Hadi sasa zaidi ya watu 420 wameuawa, na maelfu wamejeruhiwa."
Raia wa Sudan wanahangaika kujikimu huku umeme ukiwa umekatika na huduma za mtandao wa internet hazipatikani.
Baadhi ya raia wa Sudan wamefanya uamuzi wa kutoroka kwa magari na mabasi kwenye barabara hizo hatari.
"Katibu Mkuu wa Umoja wa Mataifa Antonio Guterres alisema Jumatatu kuwa Umoja wa Mataifa hauondoki Sudan, lakini umewahamisha kwa muda ""mamia"" ya wafanyakazi katika meneo yaliyopo ndani na nje ya nchi."
"Umoja wa Mataifa una takriban wafanyakazi 800 wa kimataifa nchini humo, na wengi wao wako na familia zao mjini Khartoum."
"Pia kuna takriban raia 3,200 wa Sudan wanaofanyakazi katika umoja huo."
"Samantha Power, mkuu wa Shirika la Marekani la Maendeleo ya Kimataifa, alitangaza Jumapili kuwa shirika hilo limepeleka timu ya wataalam wa kukabiliana na majanga nchini Sudan."
Alisema timu awali itakuwa ikifanyika kutokea Kenya.
Polisi nchini Kenya wameanza tena msako mkali Jumatatu katika msitu mmoja mashariki mwa nchi hiyo ambako miili ya watu 51 wanaoshukiwa kuwa waumini wa dini wenye msimamo wa kipekee imefukuliwa kutoka katika kina kifupi.
Polisi walisema msako wa eneo la ndani kutoka Malindi ulikuwa ukiendelea sio tu kwa miili hiyo bali kwa uwezekano wa kuwapata manusura wa kundi ambalo mchungaji wake aliripotiwa kuwaambia wafuasi wakae na njaa hadi kufa ili wakutane na Yesu.
Uchunguzi kamili umeanzishwa katika Kanisa la Good News International pamoja na kiongozi wake tangu polisi walipovamia msitu wa Shakahola na kugundua miili ya kwanza wiki iliyopita.
Mwishoni mwa wiki darzeni zaidi za maiti zilifukuliwa na eneo la ekari 800 la msitu lilitangaza eneo la uhalifu huku mamlaka zikitaka kuelewa kiwango halisi cha kile kinachoitwa Mauaji ya Msitu wa Shakahola.
Inspekta Jenerali wa Polisi Japhet Koome anatarajiwa kutembelea eneo hilo Jumatatu mahala ambapo timu zilizojikusanya zimekuwa zikitafuta mashimo zaidi ya mazishi na uwezekano wa manusura wa waumini hao.
"Mkuu wa polisi wa kaunti ndogo ya Malindi John Kemboi amesema Jumapili kwamba kuna makaburi zaidi ambayo yanahitaji kufukuliwa kwenye shamba hilo linalomilikiwa na mchungaji Paul Makenzi, aliyekamatwa Aprili 14 kutokana na uhusiano wake na dhehebu lenye utata."
"Kufikia sasa jumla ya miili 43 imepatikana kwenye shamba hilo baada ya watu wanne wengine kufa muda mfupi baada ya kugundulika walikaa na njaa kwa muda mrefu kwenye kanisa la Good News International, wiki iliyopita."
"Kwa mujibu wa shirika la habari la AP, Polisi wameiomba mahakama muda zaidi wa kumshikilia Makenzi kwa vile uchunguzi kuhusiana na vifo vya wafuasi wake unaendelea."
"Ripoti kutoka kwa umma zilipelekea polisi kuvamia shamba la mchungaji lililopo Malindi ambako waliwagundua watu 15 waliokuwa dhaifu sana kutokana na njaa, wakiwemo wanne waliofariki muda mfupi baadaye."
Wafuasi hao walisema kwamba walikaa na njaa kwa maelekezo ya mchungaji wao ili waweze kukutana na yesu.
"Polisi walifahamishwa kulikuwa na darzeni ya makaburi yaliyotapakaa katika shamba la Makenzi, na kwa hivyo kuanza shughuli ya kuyafukua Ijumaa wiki iliyopita."
Makenzi anasemakana alikuwa katika mgomo wa kula kwa muda wa siku nne zilizopita wakati akiwa chini ya ulinzi wa polisi.
"Mchungaji huyo aliwahi kukamatwa mara mbili hapo awali, 2019 na Machi mwaka huu kuhusiana na vifo vya watoto."
Kila wakati aliachiliwa kwa dhamana wakati kesi dhidi yake zikiwa zinaendelea mahakamani.
"Wanasiasa wa eneo hilo wameisihi mahakama isimuachilie aendelee kushikiliwa kwa wakati huu, wakilalamikia kuongezeka kwa madhehebu ya aina hiyo kwenye eneo na Malindi."
"Mchakato wa kufukua miili bado unaendelea na mpaka sasa maiti mitatu zimepatikana"" alisema Charles Kamau, mkuu wa upelelezi wa makosa ya jinai katika wilaya ya Malindi, ikiashiria maiti hizo hazijatambuliwa na chanzo cha vifo vyao hakijajulikana."
"Makenzie Nthenge, ambaye ni kiongozi wa Kanisa la Good News International, alijisalimisha kwa polisi na kufunguliwa mashtaka mwezi uliopita, kulingana na vyombo vya habari vya Kenya, kufuatia vifo vya watoto wawili waliokufa kwa njaa wakiwa mikononi mwa wazazi wao."
"Baadaye kiongozi huyo aliachiliwa kwa dhamana ya shilingi 100,000 za Kenya."
"Polisi waliripoti kukamatwa kwake Jumamosi iliyopita baada ya kugundua miili ya wafuasi wanne ambao inasemekana aliwaambia wasile ili ""wakutane na Yesu""."
"Wafuasi wengine 11 wa kanisa hilo – mmoja wao mdogo zaidi mwenye umri wa miaka 17 -- walipelekwa hospitali, watatu kati yao wakiwa mahututi, baada ya kuokolewa wiki moja iliyopita pale maiti za mwanzo zilipogunduliwa kwenye msitu uliopo nje ya mji wa Malindi ulioko pwani ya mashariki."
Kamau alisema miili iliyopatikana hivi karibuni pia ilikuwa katika msitu wa Shakahola kufuatia uchunguzi wa kina katika eneo linalodhaniwa kuwa na kaburi la halaiki.
"Polisi walivamia msitu huo baada ya kupata taarifa za vifo vya ""wananchi wajinga wanaokufa kwa njaa kwa kisingizio cha kukutana na Yesu baada ya kuchotwa akili"" na Nthenge."
Chanzo cha habari hii ni shirika la habari la AFP
"Zaidi ya watu 400 wameuawa na maelfu wamejeruhiwa tangu mapigano yalipozuka Jumamosi kati ya vikosi vinavyomtii mkuu wa jeshi la Sudan Abdel Fattah al-Burhan na naibu wake, Mohamed Hamdan Daglo, kamanda wa kikosi chenye nguvu cha kijeshi cha Rapid Support Forces (RSF) ambaye ni maarufu kwa jina la Hemet."
"Khartoum imetikiswa na milipuko na mapambano kwa usiku wa siku sita mfululizo, madaktari walisema, hata wakati sherehe za Eid al-Fitr zanazo adhimisha kumalizika kwa mwezi mtukufu kwa waislamu waliokuwa wamefunga."
"Wanajeshi na wanamgambo walipambana vikali mitaani katika wilaya zenye watu wengi za mji mkuu huo, wakati mashahidi wakiripoti mabomu yalidondoka jirani na makao makuu ya jeshi katika jiji lenye wakaazi milioni tano."
"Katibu Mkuu wa Umoja wa Mataifa Antonio Guterres na Waziri wa Mambo ya Nje wa Marekani Antony Blinken wametoa wito katika nyakati tofauti za kutaka kusitishwa kwa mapigano kwa ""angalau"" siku tatu ili kuadhimisha sikukuu ya Eid."
"RSF, kikosi chenye nguvu kilichoundwa na wanamgambo wa Janjaweed ambao waliongoza miaka mingi ya ghasia kali katika eneo la mkowa magharibi wa Darfur, walisema waaweka nia ya dhatoi kwa sitisho la mapigano kwa saa 72 kuanzia alfajiri."
"Lakini, kama ilivyokuwa katika juhudi za awali zilizotangazwa kufeli kutekeleza sitisho hilo kwa saa 24, kumekuwa na milio ya risasi iliyosikika mitaani huku moshi mweusi ukiwa umetana angani."
"Ushuhuda huo, uliotolewa na Cyrus Paye, ambaye ni mfanyakazi wa Shirika la Madaktari Wasio na Mipaka (MSF) katika mkoa wa Darfur uliokumbwa na vita, ulionyesha picha ya kutisha kuhusu ghasia zilizozuka katika maeneo mbalimabli kote nchini mwishoni mwa wiki."
"Wengi waliojeruhiwa ni raia ambao walipigwa risasi zilizofyatuliwa kiholela, waathirika wengi ni watoto,"" Paye alisema, mratibu wa mradi wa MSF katika Hospitali ya Kusini huko El Fasher, mji mkuu wa Darfur Kaskazini."
"Watu walikuwa wamevunjika kwa kupigwa risasi, au wana majeraha ya risasi au wana vipande vya risasi kwenye miguu yao, tumboni au kifuani."
Wengi wanahitaji kuongezewa damu.
"Hospitali ya Kusini inayopata msaada kutoka MSF kwa kawaida ni kitengo cha uzazi ambacho hakina uwezo wa kufanya upasuaji, lakini madaktari walipaswa kuchukua hatua za haraka."
"Tangu mapigano yalipoanza, tumelazimika kubadilisha malengo ya hospitali ili kuweza kuwatibu majeruhi,"" Paye alisema."
"Hali ni mbaya sana,"" Paye alisema."
"Kuna wagonjwa wengi ambao wanatibiwa wakiwa sakafuni kwenye korido kwa sababu hakuna vitanda vya kutosha kutosheleza idadi kubwa ya majeruhi,"" aliongeza."
"Hospitali nyingine mjini humo zimelazimika kufungwa, huku hospitali ya watoto ""imeporwa kila kitu"", Paye alisema."
"Madaktari kutoka katika hospitali hizo wamekuja kusaidia katika Hospitali ya Kusini, lakini foleni ya wagonjwa inaendelea kuongezeka."
Chanzo cha habari hii ni shirika la habari la AFP.
Wakaazi wa Khartoum wanaendelea kuukimbia mji huo uliogeuzwa kuwa uwanja wa mapambano.
Juhudi mpya za diplomasia nazo zimegonga mwamba.
"Amira Ewies, mwanasheria na mwanaharakazi anayetetea haki za binadamu nchini Sudani amesema “tunakumbana na janga la kimazingira kutokana na uwepo wa maiti zilizozagaa mitaani, baadhi zimeoza na kutoa harufu mbaya isiyo kifani”."
Ewies anasema familia zenye uwezo zimefanikiwa kuondoka mjini humo kwenda kutafuta hifadhi salama katika maeneo mengine ya nchini Sudan.
"Naye Mahamood Bushala amesema wakati alipoondoka Khartoum mara tu baada ya vita kuzuka, alishuhudia maiti za watu zikiwa zimesambaa mitaani “maiti zilikuwepo kila mahali, hivi ninavyoongea marafiki zangu walioko Khartoum wanasema maiti zimekuwa nyingi, zimezagaa kila kona na zinaongezeka kila siku” alisema."
"Hata baada ya kutambuliwa kwa baadhi ya maiti hizo, bado kuna ugumu kwa jamaa kuweza kuwachukua ndugu zao kutokana na hali ya mapigano yanayoendelea."
"Kama vile maiti ya Mohammed Slah, mwanafunzi aliyekuwa akisomea udaktari katika chuo kikuu kilichopo mjini Khartoum, maiti yake ilitambuliwa siku ya Jumatano, siku tano baada ya kupigwa risasi akiwa ndani ya gari aliyokuwa akiendesha."
"Ni huzuni kubwa maiti yake imekuwa barabarani kwa siku tano, tumeshindwa kuichukua na kuizika” mwalimu wake Dk. Ahmed Eltayeb Ibrahim aliiambia Sauti ya Amerika kwa njia ya simu kutoka Sudan."
"Dk. Ibrahim ambaye pia aliweza kutoroka mjini humo siku ya Jumatano baada ya wagonjwa waliokuwa wamelazwa katika hospitali ya chuo hicho kuhamishiwa katika hospitali zilizopo nje ya mji huo uliokumbwa na mashambulizi makali hususan katika maeneo ya uwanja ya ndege, hospitali na maeneo yaliyoko katikati ya mji ambao umejaa wanajeshi kila kona."
"Dk. Ibrahim na familia yake wamekimbilia katika jimbo la Gezira, lakini nyumba yake imeharibiwa na gari lake kupigwa risasi, amesema."
"Sasa niko umbali wa kilometa 200 kutoka Khartoum na familia yangu, hakuna mapigano hapa, ni salama sana, ni kijiji kidogo katika jimbo la Gezira."
Mapambano hayo ya ghafla yaliyosababisha kusitishwa kwa safari za ndege na kuwafanya baadhi wa wakaazi wa mji huo kushindwa kuondoka kutafuta hifadhi salama nje ya mji wa Khartoum.
"Makubaliano ya kusitisha mapigano kwa saa 24 yalipaswa kuanza kutekelezwa saa kumi na mbili jioni, lakini mashahidi wawili waliliambia shirika la habari la Reuters kuwa walishuhudia mapigano yakiendelea katika maeneo tofauti ya mji mkuu wa Sudan."
Tangazo la Jumatano la kusitisha mapigano lilikuwa linafuatia makubaliano ya awali ya yaliyofanywa Jumanne na kusimamiwa na Waziri wa Mambo ya Nje wa Marekani Antony Blinken na viongozi wengine wa kimataifa lakini walikabiliwa na upinzani kutoka kwa pande hasimu ambazo ziliendelea kupigana.
"Siku ya Jumatano ujumbe wa kidiplomasia nchini Sudan ulitoa wito kwa vikosi vya jeshi vinavyo shambuliana kusitisha mapigano na kuzingatia wajibu wao kwa mujibu wa sheria ya kimataifa ya kuwalinda raia, wanadiplomasia na wahusika wa masuala ya kibinadamu kufuatia mzozo mkubwa wa siku nyingi wa kugombea madaraka katika maeneo mbalimbali nchini himo."
"Ujumbe huo uliwajumuisha mabalozi wa nchi za Canada, Ufaransa, Ujerumani, Italia, Japan, Uholanzi, Norway, Poland, Jamhuri ya Korea, Uhispania, Uswizi, Sweden, Uingereza, Marekani, na Ujumbe wa Umoja wa Ulaya."
"Katika taarifa ya pamoja, walilisihi jeshi na kikundi chenye nguvu cha kijeshi kuepusha kuongezeka kwa mapigano na kuanzisha mazungumzo ili kutatua masuala ambayo hayajapatiwa muafaka."
"Na baadaye siku hiyo ya Jumatano vikosi vya RSF nchini humo vilikubali kusitisha mapigano kwa muda wa saa 24 kuanzia saa kumi na mbili jioni, kufuatia mzozo wa siku nyingi nakugombea madaraka na mapambano ya umwagaji damu na jeshi."
"Tunathibitisha nia yetu ya dhati ya kutaka kusitisha kabisa mapigano, na tunatumaini kuwa upande mwingine utatii usitishaji mapigano kulingana na muda uliotangazwa,"" RSF iliongeza katika taarifa."
Haikuweza kubainika kwa haraka endapo jeshi lingetangaza msimamo kwake katika usitishaji wa mapigano.
"Mahasimu hao walitangaza msimamo wao wa kutaka kusitisha mapigano kwa muda wa saa 24 Jumanne, lakini mwandishi wa shirika la habari la Reuters aliyoko katika mji wa Khartoum alisema alisikia milio ya mizinga ikirushwa baada ya usitishwaji wa mapigano kuanza."
Baadhi ya taarifa zinatoka Shirika la habari la Reuters.
"Mapigano ya siku tano mjini Khartoum na kwingineko katika nchi hiyo iliyoko kaskazini mashariki mwa Afrika yamesababisha vifo vya zaidi ya watu 270, balozi za kigeni zilisema Jumatano."
"Wanadiplomasia wa kigeni walishambuliwa, mratibu Umoja wa Mataifa anayeshughulikia misaada ya dharura, Martin Griffiths alisema Umoja wa Mataifa ulipokea ""ripoti za mashambulizi na manyanyaso ya ngono dhidi ya wafanyakazi wa misaada""."
"Serikali imeanza kupanga mipango ya kuwahamisha raia wao, miongoni mwao wafanyakazi wengi wa Umoja wa Mataifa."
"Ghasia hizo zilizuka siku ya Jumamosi kati ya vikosi vya majenerali wawili walionyakua mamlaka katika mapinduzi ya 2021: mkuu wa jeshi Abdel Fattah al-Burhan na naibu wake wa zamani, Mohamed Hamdan Daglo, ambaye anaongoza vikosi vya Rapid Support Forces (RSF)."
Mapigano hayo yanafuatia mzozo mkali kati yao kuhusu mpango wa ujumuishaji wa vikosi vya RSF katika jeshi la kawaida -- sharti muhimu katika makubaliano ya mwisho yenye lengo la kurejesha mpito wa kidemkorasia nchini Sudan.
"Maisha mjini Khartoum yatakuwa mabaya kama vita hivi havitasitishwa,"" alisema Alawya al-Tayeb, mwenye umri wa miaka 33, wakati akiutoroka mji huo mkuu."
"Nilijitahidi kuwaficha watoto wasione maiti za watu waliouawa zilizozagaa mitaani,"" alisema, na akiongeza kuwa watoto wake kwa sasa wanakabiliwa natatizo la mshtuko na watahitaji matibabu."
Chanzo cha nabari hii ni shirika la habari la AFP.
Katibu Mkuu wa Umoja wa Mataifa Antonio Guterres alizitaka pande zinazopigana nchini Sudan kusitisha uhasama mara moja huku msafara wake ulielekea mjini Khartoum.
"Mkuu huyo wa Umoja wa Mataifa alisema ongezeko la mzozo kati ya jeshi na makundi ya kijeshi, wakiongozwa na majenerali wapinzani, ""unaweza kuleta athari kubwa nchini humo na katika eneo la kanda hiyo."
"Vurugu hizo ambazo zilizuka siku ya Jumamosi, zimekuwa zikiendelea kwa muda wa siku ya tatu hadi Jumatatu, huku idadi ya vifo vya watu vikiongezeka hadi kufikia vifo wasiopungua 185, Volker Perthes, mwakilishi maalum wa Umoja wa Mataifa nchini Sudan, aliwaambia waandishi wa habari."
"Mapigano hayo yalizuka kufuatia wiki kadhaa za vita vya kugombania madaraka kati ya majenerali wawili walionyakua mamlaka katika mapinduzi ya mwaka 2021: Mkuu wa jeshi la Sudan, Abdel Fattah al-Burhan, na makamu wake, Mohamed Hamdan Daglo, ambaye ni kamanda anayeongoza kikosi cha Rapid ambacho ni kikosi cha kijeshi chenye nguvu."
"Umoja wa Mataifa umesitisha shughuli zake nyingi nchini humo, alisema msemaji wa Guterres, Stephane Dujarric, ambaye alisisitiza Umoja wa Mataifa ""hautawataka wafanyikazi kwenda kazini wakati ni wazi kwamba usalama wao hauna uhakika."
Baraza la Usalama la Umoja wa Mataifa lilifanya mkutano wa faragha kuhusu hali ilivyo nchini Sudan Jumatatu asubuhi.
"Wanachama watatu wa baraza la nchi za Afrika lenye wanachama 15 -- Ghana, Gabon na Msumbiji -- walitoa taarifa ya pamoja kufuatia mkutano huo, wakitaka ""kusitishwa kwa mapigano mara moja."
Chanzo cha habari hii nis shirika la habari la AFP.
Mwanariadha wa Kenya Evans Chebet alitetea tena taji lake la Boston Marathon wakati Mkenya mwenzake Hellen Obiri alishinda mbio hizo kwa upande wa wanawake siku ya Jumatatu lakini mpinzani wao na bingwa mara mbili wa Olimpiki Eliud Kipchoge alimaliza katika nafasi ya sita.
Muda wa Chebet wa saa mbili dakika tano na sekunde 54 ulikuwa sekunde 10 na mkimbiaji wa Tanzania Gabriel Geay ambaye alishika nafasi ya pili huku Mkenya Benson Kipruto bingwa wa mwaka 2021 akishika nafasi ya tatu kwa saa 2 dakika 6 na sekunde 6.
"Chebet, ambaye pia alishinda New York mwaka jana, alishika kasi baada ya umbali wa kilomita 35 lakini Geay alikataa kushindwa kirahisi na Kipruto alishika kasi kwa kilomita 40 na kufanya mbio hizo kuwa za watu watatu."
Lakini ikiwa imesalia maili moja Chebet alikuwa amejitengenezea uongozi usioweza kupingwa na alikuwa peke yake alipovuka mstari wa kumalizia na huku akishangiliwa na umati akiwa mtu wa kwanza tangu mwaka 2008 kutetea taji lake la Boston.
Mshikiliaji wa rekodi ya dunia Eliud Kipchoge alikuwa miongoni mwa vivutio vikubwa katika Mbio hizo za Marathon za Dunia lakini alipoteza kasi yake karibu na nusu ya mchuani huo na kupitwa na wenzanke na hatimaye kumaliza katika nafasi ya sita.
"Akikimbia mbio zake za pili za marathon, Obiri alikimbia bega kwa bega na kundi la waongozaji lililojaa kwa wingi karibu muda wote mbio wote wa mbio hizo kabla ya kuwaacha ikiwa imesalia maili moja na kushinda kwa muda wa saa 2 dakika 21 na sekunde 38 kwa kelele huku akishangiliwa kwa nguvu na mashabiki wa Boston."
"Katika makubaliano hayo na kampuni za Evolution Energy Minerals, Ecograf Ltd na Peak Rare Earths, Tanzania itakuwa na hisa ya asilimia 16 kutoka katika kila kampuni hizo ambazo kwa pamoja zitaendesha miradi hiyo, alisema mwenyekiti wa timu ya serikali katika mazungumzo, Palamagamba Kabudi."
"Serikali ya Marekani na washirika ikiwemo Australia, ambayo mbali na China, ni mzalishaji mkubwa wa baadhi ya madini adimu, wakifanya jitihada za kupunguza utegemezi wao kwa China."
"Madini adimu ya kundi la madini 17 yanayotumika katika utegenezaji wa bidhaa za elektoriniki, magari ya umeme, simu maarufu kama ‘smart phones’, nishati mbadala na vifaa vya kijeshi."
"Chini ya makubaliano hayo Tanzania na kampuni ya Peak Rare Earths, itafanya uchimbaji madini eneo la Ngualla, lililoko kusini magharibi mwa Tanzania."
"Kabudi alisema, kampuni ya Evolution Energy Minerals na Ecograf zitachimba madini hayo ya grafiti kutoka maeneo ya kusini na mashariki mwa Tanzania."
Pia Ecograf itachimba katika eneo la kaskazini.
"Madini ya Grafiti yanayotumika kwenye betri za lithiamu-ioni, yanayojulikana kama anode."
"Takribani asilimia 70 ya madini yote ya grafiti yanatoka China, na kuna aina nyingine chache yenye uwezo wa kufanya kazi kwenye betri kikamilifu."
Wakati sehemu ya kundi hilo likipambana na jeshi katika ghasia mbaya zilizosababisha kuondoka kwa utawala wa kiraia na kuifanya Marekani kutoa wito wa kusitisha mapigano.
"Pande zote mbili zilidai zilipata mafanikio siku ya Jumatatu, katika vurugu za kugombea madaraka zilizosambaa nchi nzima Kundi la wanaharakati la Kamati Kuu ya Madaktari wa Sudan limesema kuwa takriban raia 97 na askari 45 wameuwawa na jumla ya watu 942 wamejeruhiwa, tangu mapigano yalipoanza mwishoni mwa wiki."
Serikali haijachapisha idadi kamili iliyotokana na mapigano hayo ambayo yamezua hofu ya kuzuka kwa vita vya wenyewe kwa wenyewe.
"Siku ya Jumatatu, ulipuaji mabomu na mashambilizi ya ndege za kivita yaliutikisa mji wa Khartoum, pamoja na eneo jirani la makao makuu ya jeshi, na katika eneo la Bahri ililipo ng'ambo ya mto Nile, jirani na kambi nyingine ya jeshi, walioshuhudia mashambilizi hayo walisema."
"Moshi ulitanda kwenye njia za kuruka ndege kwenye uwanja wa ndege wakimataifa katika mji mkuu, ambako milipuko na moto ilionekana kwenye picha za televisheni."
"Moshi ukionekana kwenye uwanja wa ndege wa Khartoum, tarehe 15 Aprili 2023."
Picha na shirika la habari la AFP.
"Mapambano hayo ya nadra yalizuka katika mji mkuu na kusambaa katika maeneo mengine ya Sudan, na kusababisha mapambano kati ya jeshi dhidi ya kikosi cha Rapid Support Forces (RSF), kundi la wanamgambo ambalo lilitarajiwa kuungana na jeshi ambapo viongozi wake wanashiriana madaraka katika baraza utawala la kijeshi."
"Mkuu wa jeshi Jenerali Abdel Fattah al-Burhan ambaye ni kiongozi wa baraza la utawala wakati kiongozi wa RSF Jenerali Mohamed Hamdan Dagalo, anayejulikana kama Hemedti, ni naibu wake."
Pande zote mbili zilisema zimepata mafanikio siku ya Jumatatu.
"Kundi la RSF lliidai kuuteka uwanja wa ndege na kambi ya jeshi, wakati jeshi lilisema linadhibiti makao yake makuu licha ya kile ilichokiita ""mapigano madogo"" katika maeneo jirani."
Shirika la habari la Reuters lilithibitisha video inayoonyesha vikosi vya RSF vilivyokuwa katika baadhi ya maeneo hayo lakini haikuweza kuthibitisha madai ya habari katiak uwanja wa mapambano.
"Jeshi limeweza kupata tena udhibiti wa kituo kikuu cha televisheni, ambacho kilizimika kwa muda mfupi baada ya milio ya risasi kusikika wakati wa urushaji wa matangazo mubashara."
"Kituo kilianza kurusha matangazo ya video zikilionyesha jeshi likiharibu magari ya RSF, siku moja baada ya RSF kusema ilikuwa imeliteka jengo hilo."
Chanzo cha bahari hii ni shirika la habari la Reuters.
Kenya: Watu wanne wafariki kwa njaa wakitaka kukutana na Yesu
Korea Kaskazini yadai kuzindua kombora jipya
China haitaiuzia silaha Russia
Mtoro wa jela aliyekimbilia Tanzania arejea gerezani Afrika Kusini
"Watu wengine 11 waliokolewa na kukimbizwa hospitali kutoka katika msitu uliopo jirani na mji wa Malindi, kwenye pwani ya bahari ya Hindi nchini Kenya, lakini kuna hofu ya kuwepo kwa waathirika wengine zaidi, kulingana na ripoti ya polisi ambayo shirika la habari la AFP iliiona."
"Ripoti hiyo Ilisema polisi walipokea habari kuhusu ""vifo vya wananchi ambao ni wajinga waliokufa njaa kwa kisingizio cha kutaka kukutana na Yesu baada ya kushawishiwa na mshukiwa, Makenzie Nthenge, ambaye ni kasisi wa Kanisa la Good News International""."
Ripoti za vyombo vya habari zilisema Nthenge alikamatwa na kushtakiwa mwezi uliopita kufuatia vifo vya watoto wawili wa kiume ambao imedaiwa walinyimwa chakula na wazazi wao.
"lakini baadaye wakaachiliwa kwa bondi dhamana ya shilingi 100,000 za Kenya."
"Waumini wanne waliofariki bado hawajatambuliwa, wakati wale waliopelekwa hospitali wametajwa kiwa ni wanaume saba na wanawake wanne wakiwa na umri wa kati ya miaka 17 na 49, kulingana na ripoti ya polisi."
Watatu wako katika hali mbaya.
"Wachunguzi wanaendelea na msako katika msitu wa Shakahola, kufuatia ripoti ya uwezekano wa kuwepo kwa kaburi la halaiki ambalo huenda wafuasi wengine wa kundi hilo la kidini walizikwa."
Chanzo cha habari hii ni Shirika la habari la Reuters na AFP
"Shirika rasmi la Habari la Korea Kaskazini lilisema kiongozi wa taifa hilo Kim Jong Un alisimamia uzinduzi wa kombora la Hwasong-18 siku ya Alhamisi, ambapo alisema litaboresha kwa kiasi kikubwa mkakati wa nchi hiyo kudhibiti na kukabiliana na mashambulizi ya nyuklia."
"Kim ""alielezea kuridhishwa kwa kiasi kikubwa kuhusu mafanikio ya ajabu"" ya majaribio hayo, shirika la habari la KCNA liliripoti, na kuongeza kuwa maadui wa nchi hiyo sasa ""wana wasiwasi na hofu kubwa ..."
kwa hivyo wanajuta kwa uchaguzi wao mbaya wa kukata tamaa.
"Korea Kaskazini kwa muda mrefu imekuwa ikitaka kutengeneza makombora ya ICBM yanayotumia nishati maalum, ambayo kwa nadharia ni vigumu sana kwa maadui zake kama Marekani kugundua na kujaribu kuzuia."
"Kabla ya hapo, ICBM zote tatu za Korea Kaskazini zimefanyiwa majaribio yakitumia mafuta ya kioevu , ambayo ni lazima yajazwe kwenye roketi katika mchakato ambao unaweza kuchukua masaa mengi na kuhitaji vifaa vya kisasa vinavyoonekana kirahisi kutoka angani."
"Hata hivyo roketi zinazotumia makaa, huwashwa kabla."
"Makaa pia ni thabiti zaidi, na kuyafanya makombora kama haya kuwa rahisi kusonga katika mazingira hatari ya vita."
"Picha za vyombo vya habari vya serikali zilimuonyesha kiongozi huyo wa Korea ya Kaskazini, Kim akiwa ameshikana mikono na binti yake mdogo, wakitazama kombora hilo likiibuka kutoka kwenye moshi mwembamba wenye rangi ya chungwa."
"Shirika la habari la KCNA lilitoa maelezo machache ya kiufundi kuhusiana na kombora hilo jipya, ikiwemo upeo wake wa juu zaidi ulionao."
"Katika taarifa iliyotolewa na jeshi la Korea Kusini lililitaja jaribio hilo kuwa ni kama la awali, na kuongeza kuwa ""muda na juhudi zaidi"" zinahitajika ili kuyamudu makombora mapya ya masafa marefu, unaoendeshwa na mfumo wa makaa."
"China imesisitiza kuwa haiegemei upande wowote katika mzozo huo, huku ikiiunga mkono Russia kisiasa, kiuchumi na katika mazungumzo, wakati ambapo mataifa ya Magharibi yameiwekea vikwazo kuiadhibu na kutaka kuitenga Moscow kwa kumvamia jirani yake."
Qin Gang ambaye ni afisa wa ngazi ya juu sana wa China kutoa taarifa hiyo kiunagaubaga kuhusu suala la kuiuzia silaha Russia.
Ameongeza kuwa China pia itadhibiti usafirishaji nje wa bidhaa zinazotumiwa na raia pamoja na wanajeshi.
"Kuhusu mauzo ya nje ya bidhaa za kijeshi, China inachukua mtazamo wa busara na uwajibikaji,"" Qin alisema hayo wakati wa mkutano na waandishi wa habari akiwa na waziri wa mambo ya nchi za nje wa Ujerumani Annalena Baerbock anayetembelea nchi hiyo."
"China haitatoa silaha kwa pande zinazohusika katika mzozo huo, tumeweza kusimamia na kudhibiti usafirishaji wa bidhaa kwa matumizi ya kiraia na kijeshi kwa mujibu wa sheria na kanuni."
Waziri huyo pia alisisitiza nia ya China ya kusaidia kupatikana kwa suluhisho la amani katika mzozo huo.
"Mwezi Februari, Waziri wa Mambo ya Nje wa Marekani Antony Blinken alisema ujasusi wa Marekani unapendekeza kuwa China ina mpango wa kuipa Russia silaha na risasi - alionya kwamba kujihusisha huko katika vita vya Kremlin itakuwa ""tatizo kubwa."
"Katika siku za hivi karibuni, viongozi wa nchi za Ulaya wametoa maonyo kama hayo, hata wakati walipoitembelea China, na mkuu wa sera za mambo ya nje wa Umoja wa Ulaya aliishutumu Beijing, akisema uungaji mkono wake kwa Russia wakati wa uvamizi ilikuwa ni ""ukiukaji wa wazi"" wa ahadi zake katika Umoja wa Mataifa."
Kesi hiyo iliziaibisha mamlaka na kuzua hasira mpya juu ya uzembe wa polisi wa Afrika Kusini na mfumo wa mahakama ya jinai.
"Aliyepewa jina la “mbakaji kwenye Facebook”, Thabo Bester, ambaye alihukumiwa kifungo cha maisha jela kwa ubakaji, wizi na mauaji mwaka 2012, aliwarubuni waathirika kwenye mitandao ya kijamii kabla ya kuwabaka na kuwaibia."
Alimua muathirika mmoja.
"Alitoroka katika gereza binafsi mjini Bloemfontein mwaka mmoja uliopita, lakini polisi walisema waligundua kuwa alitoroka mwezi uliopita."
"Bester alikamatwa Ijumaa iliyopita na polisi wa Tanzania pamoja na mwanamke ambaye inadaiwa alikuwa na uhusiano wa kimapenzi naye, pamoja na mla njama raia wa Msumbiji."
Raia 150 wauawa nchini DRC katika mapigano wiki mbili zilizopita-UN
Kenya: Serikali kushindwa kulipa mishahara kutazorotesha utoaji huduma
Benki ya Standard Chartered yatuhumiwa kuhujumu uchumi Tanzania
Jimbo la Ituri na jimbo jirani yake la kusini la Kivu Kaskazini zimekumbwa na ongezeko la machafuko kati ya makundi kadhaa ya wanamgambo katika eneo hilo lenye utajiri mkubwa wa madini kwenye mpaka na Uganda.
"Kundi moja, CODECO, linasema linalinda jamii ya Walendu dhidi ya kabila lingine la Wahema na vile vile dhidi ya jeshi la Congo."
"Wahema hata hivyo, wanalindwa na kundi la wanamgambo liitwalo Zaire, huku jimbo hilo likilengwa pia na waasi wa ADF wenye uhusiano na kundi la kigaidi la Islamic State."
"Ofisi ya Umoja wa mataifa ya kuratibu misaada ya kibinadamu (OCHA) imeonya kuhusu “mashambulizi ya mara kwa mara dhidi ya raia katika wilaya tatu tofauti, Djugu, Irumu na Mambasa ambayo yameua takriban raia 150 tangu mwanzoni mwa mwezi Aprili."
"Matokeo yake ni kwamba, Wilaya ya Irumu “imekuwa kimbilio la maelfu ya watu wanaotoroka ukosefu mkubwa wa usalama”, OCHA imesema."
"Mashambulizi pia yameripotiwa kulenga vituo vya afya na huduma nyingine muhimu, Umoja wa mataifa umesema."
"Watumishi hao ambao hawakutaka majina yao yatajwe, waliiambia Sauti ya Amerika kwa njia ya simu kuwa wanashindwa kutekeleza majukumu yao na badala yake wanajihusisha na shughuli nyingine kama vile kilimo na biashara ndogondogo ili waweze kukidhi mahitaji ya familia zao."
Wamesema wanapambana na hali ngumu ya maisha iliyosababishwa na serikali kushindwa kuwalipa mishahara tangu mwezi Januari.
"Hapo awali mishahara ilikuwa haichelewi, tulikuwa tukipokea mapema kati ya tarehe 25 hadi 28 ya kila mwezi” alisema mtumishi mmoja ambaye hakutaka jina lake litajwe akihofia kupoteza ajira."
"Ni tatizo kubwa” alisema mwalimu mmoja ambaye pia hakutaka jina lake litajwe, aliongeza kwa kusema katika shule anayofundisha walimu wameacha kuja kazini wakifanya shughuli mbalimbali za kujiajiri."
Wauza mboga mtaani katika mji wa Eldoret.
Picha na Simon MAINA / AFP.
"Jana nilikuwa nikiongea na rafiki yangu ambaye ni mwalimu aliniambia hali ndiyo hivyo hivyo , tunajikaza , hata chakula ni tatizo” alisema."
"Walimu tumekuwa tukiishi kwa kukopa chakula na mahitaji mengine muhimu kutoka kwa wafanya biashara wadogo wadogo, kwa sasa kukopeshwa inakuwa vigumu, kwa kuwa hujalipa deli lililopita” aliongeza."
"Katika mahojiano na Sauti ya Amerika, Mwana harakati wa haki za jamii Julius Okoth amesema changamoto za kiuchumi zimeongeza shauku na kuwafanya wananchi wengi kujitokeza katika maandamano yaliyoitishwa na kiongozi wa upinzani nchini humo Raila Odinga ambaye anaupinga utawala wa rais William Ruto."
"Okoth alisema maandamano hayo ambayo yalikuwa yakifanyika katika maeneo mbali mbali nchini Kenya, yalipata kasi na kuungwa mkono na watu wengi pale Odinga alipoingiza agenda za kiuchumi akitaka kushuka kwa gharama ya maisha na kutaja ongezeko la bei za mahitaji muhimu kama vile unga wa mahindi."
"Alipoanzisha maandamano yalikuwa yamezorota, alikuwa akizungumzia suala la wizi wa kura, shauku ilikuwa ndogo alipobadilisha na kuanza kuzungumzia uchumi na ugumu wa maisha hapo ndipo tulipoanza kuona watu wanajitokeza” Alisema mwanaharakati hyo."
"Imetayarishwa na Mariam Mniga, VOA, Washington DC."
Benki ilikanusha madai hayo na kampuni ya ujenzi ya Uturuki Yapi Markezi haikuweza kupatikana kutoa maoni.
"Serikali ya rais Samia Suluhu Hassan, ambayo inakamilisha miradi mikubwa ya usafiri iliyoanzishwa na aliyekuwa rais wa nchi hiyo marehemu John Magufuli, amekuwa akichukua hatua kwa baadhi ya mikataba iliyopitishwa ambayo inatuhumiwa kura rushwa."
Rais Samia Suluhu aliivunja bodi ya Shirika la Reli Tanzania (TRC) siku ya Jumapili bila kutaja sababu maalum zaidi ya kuamuru hatua za kisheri zichukuliwe dhidi mtu yeyote atakayebainika kuhusika na matumizi mabaya ya fedha za umma.
"Katika ripoti ya ukaguzi ya kila mwaka ambayo shirika la habari la Reuters imeiona siku ya Alhamisi, Mkaguzi Mkuu wa Hesabu za Serikali Charles Kichere alisema kuwa Standard Chartered, ambayo ilikuwa ikitoa mikopo kwa ajili ya miradi ya serikali, imekubali kuhusika kuipa zabuni kampuni ya ukandarasi ya Yapi."
Standard Chartered Bank ...
"ilitoa masharti ambayo yangefanya ikubali kuwa mratibu wa kimataifa na wakala anayeongoza kutoa misaada na mikopo kwa wizara ya fedha na mipango endapo tu kampuni ya Yapi Markezi ingechaguliwa kuwa mkandarasi,"" mkaguzi huyo alisema."
Burundi: Waziri mkuu wa zamani akamatwa
"Burundi: Waziri mkuu wa zamani mafichoni, serikali yaanzisha msako dhidi yake"
"Katika taarifa yake, mwendesha mashtaka Sylvestre Nyandwi alisema Jenerali Bunyoni alikamatwa siku ya Ijumaa katika mtaa wa Mubone wilaya ya Kabezi, kusini mwa mji mkuu Bujumbura, ambako alikuwa amejificha."
"Nyandwi aliongeza kuwa “ Nilitoa hati ya kuendesha msako nyumbani kwa Bunyoni tarehe 17 Aprili, lakini polisi hawakumkuta nyumbani kwake."
"‘Baadaye nlitoa hati ya kumkamata,” Nyandwi alisema."
"Nyandwi alisema polisi wanaendelea kukusanya ushahidi wa makosa ya uhalifu “ambayo Bunyoni anaweza kuwa alifanya, na ushahidi huo utawasilishwa kwa mwendesha mashtaka mkuu, naye achukuwe hatua za kisheria baadaye."
"Bunyoni, kigogo mwenye ushawishi mkubwa katika chama tawala cha CNDD-FDD ambaye aliteuliwa kama waziri mkuu mwaka wa 2020, alifutwa kazi siku chache baada ya Rais Evariste Ndayishimiye kuonya kuhusu “jaribio” la mapinduzi dhidi yake."
Ndayishimiye alichukua madaraka mwezi Juni mwaka wa 2020 baada ya mtangulizi wake Pierre Nkurunziza kufariki kutokana na kile maafisa walisema ni mshtuko wa moyo licha ya uvumi uliosambaa kwamba alifariki kutokana na Covid 19.
"Jenerali Bunyoni ambaye aliwahi kuwa waziri wa usalama na mkuu wa polisi, yuko chini ya vikwazo vya Marekani kwa tuhuma za kuhusika katika ukiukaji mkubwa wa haki za binadamu wakati wa maandamano ya mwaka wa 2015 ya kupinga muhula wa tatu wa Rais Pierre Nkurunziza."
"Bunyoni, ambaye aliwahi kuwa mkuu wa polisi na waziri wa usalama, alifutwa kazi mwezi Septemba katika mabadiliko ya kwanza makubwa katika serikali ya Burundi tangu Rais Evariste Ndayishimiye achukue hatamu za uongozi mwaka wa 2020."
"Polisi na maafisa wa upelelezi walisaka nyumba tatu za Bunyoni siku ya Jumatatu, lakini hawakujua mahali alipotorokea, kwa mujibu wa vyanzo vya usalama na ripoti za vyombo vya habari."
"Waziri wa usalama Martin Ninteretse aliwambia waandishi wa habari “Ukweli ni kwamba, ofisi ya mwendesha mashtaka inamshuku jenerali huyo wa polisi kwa makosa fulani na walitaka kumuhoji juu ya makosa hayo."
"Walifanya msako nyumbani kwake, lakini sikupewa ripoti."
"Amesema ofisi ya mwendesha mashtaka “haijamuelezea kwa nini wanamsaka kwa sababu hawakumpata,” akiongeza kuwa wanasubiri matokeo ya msako huo."
"Waziri huyo mkuu wa zamani alionywa mapema kwamba kuna msako mkubwa dhidi yake, na alitoroka kabla ya polisi kufika nyumbani kwake, afisa wa ngazi ya juu katika jeshi ambaye hakutaka jina lake litajwe ameliambia shirika la habari la AFP."
Afisa huyo amesema maafisa walimkamata afisa wa ngazi ya juu wa polisi akidaiwa kumtaarifu Bunyoni kuhusu operesheni ya kumtafuta.
"Waziri Ninteretse aliwambia waandishi wa habari kwamba afisa wa polisi wa cheo cha kanali aliwekwa kizuizini, lakini hakutoa maelezo zaidi kuhusu sababu za kukamatwa kwake."
"Bunyoni, kigogo mwenye ushawishi mkubwa katika chama tawala cha CNDD-FDD ambaye aliteuliwa kama waziri mkuu mwaka wa 2020, alifutwa kazi siku chache baada ya rais Ndayishimiye kuonya kuhusu “jaribio” la mapinduzi dhidi yake."
"Bunyoni alionekana kama kiongozi wa watu wenye msimamo mkali miongoni mwa majenerali wenye mamlaka ya kweli ya kisiasa nchini Burundi, huku Ndayishimiya mwenyewe akiashiria kutengwa kwake katika hotuba ya mwaka wa 2021."
Ndayishimiye alichukua madaraka mwezi Juni mwaka wa 2020 baada ya mtangulizi wake Pierre Nkurunziza kufariki kutokana na kile maafisa walisema ni mshutuko wa moyo licha ya uvumi uliosambaa kwamba alifariki kutokana na Covid 19.
"Huku waziri mkuu wa sasa Gervais Ndirakobuca akiondolewa vikwazo alivyochukuliwa na Marekani na Umoja wa Ulaya tangu mwaka wa 2016, Bunyoni bado iko chini ya vikwazo vya Marekani, kwa tuhuma za kuhusika katika ukiukaji mkubwa wa haki za binadamu wakati wa maandamano ya mwaka wa 2015 ya kupinga muhula wa tatu wa Rais Pierre Nkurunziza."
Museveni aamuru mswaada wa LGBTQ ufanyiwe marekebisho kabla ya kuutia saini kuwa sheria
Waziri wa fedha Uganda amekamatwa kwa madai ya kuiba mabati
"Kwa mujibu wa shirika la habari la AP, uamuzi wa Museveni ulitangazwa Alhamisi jioni baada ya kikao cha wabunge wa chama chake tawala, ambao karibu wote waliunga mkono kuidhinishwa na wabunge mwezi uliopita."
Taarifa zimeongeza kusema kwamba wabunge hao wamekubaliana kuurejesha bungeni ili ufanyiwe marekebisho.
"Kwa mujibu wa video iliyorushwa na televisheni ya taifa ya UBC, Museveni anaonekana akipinga ushoga akiwa mji mkuu Kampala, akisema kwamba, “ Ulaya imepotea."
"Wanataka sisi tupotee pia.” Museveni pia aliwasifu wabunge kwa kupitisha mswaada huo, ambao umezua ukosoaji mkubwa wa kimataifa."
Waziri wa fedha wa Uganda Amos Lugoloobi amekamatwa kwa madai ya kuiba mabati yaliyowekwa kwa ajili ya eneo maskini na tete polisi imesema Jumamosi.
Mabati yalitengwa kwa ajili ya makazi ya gharama nafuu huko Karamoja eneo ambalo halina maendeleo na halifuatiliwi huko kaskazini magharibi mwa Uganda linapakana na Kenya na Sudan Kusini.
Mary Goretti Kitutu waziri anayehusika na eneo la Karamoja pamoja na maendeleo yake akiwa na kaka yake walishtakiwa kuhusiana na kesi hiyo hapo Aprili 4.
"Kulingana na polisi zaidi ya mawaziri 10 wa serikali, wabunge 31 na maafisa 13 wa serikali wanachunguzwa katika kesi hiyo."
Kiongozi wa upinzani nchini Uganda Bobi Wine anasema mashtaka dhidi ya Kitutu ni mwanzo wa ufisadi kamili na aliishutumu serikali ya rais Yoweri Museveni ambaye amekuwa madarakani kwa muda mrefu kwamba inaelekea kubaya.
"Mapigano Sudan: Hakuna ishara ya mazungumzo, wafungwa wameachiliwa huru kwa kukosa chakula"
Maafisa wa usalama walaumiwa kuuwa wanavijiji kaskazini mwa Burkina Faso
Wiki ya chanjo duniani na kauli mbiu The Big catch-Up
Matumizi ya kijeshi duniani yaliongezeka kwa mwaka wa nane mfululizo
Mashauriano ya kutafuta amani Ethiopia yatafanyika nchini Tanzania
"Sudan inakabiliwa na uhaba wa chakula, maji na kukatika kwa umeme; Inasema UN"
Mapigano bado yanaendelea Sudan
Hofu imetanda Sudan kwa simba takribani 25 na wanyama wengine kukosa chakula
Afisa wa uchaguzi nchini Myanmar apigwa risasi akiwa ndani ya gari lake
Polisi wa Morocco walikamata tani 5.4 za bangi zinasafirishwa kwenda Uhispania
Ujumbe wa wafanyabiashara wa India unakwenda Russia kwa fursa za kiuchumi
"Jeshi la Sudan (SAF) na kundi la wapiganaji la (RSF) walikuwa wamekubaliana kusitisha mapigano kwa muda was aa 72 kuanzia Jumanne, baada ya kufanyika mazungumzo yaliyoongozwa na Marekani na Saudi Arabia."
"Lakini milio ya risasi imesikika Jumanne jioni katika eneo la Omdurman, mojawapo ya miji ya Khartoum karibu na mto Nile ambapo jeshi la Sudan limetumia ndege zisizokuwa na rubani kulenga sehemu zinazoshikiliwa na RSF."
"Jeshi la Sudan vile vile limetumia ndege zisizokuwa na rubani kuwasukuma nyuma wapiganaji wa RSF kutoka sehemu kulipo kiwanda cha kusafisha mafuta katika mji wa Bahri, ambao ni wa tatu kw ukubwa katika Blue Nil na White Nile."
"Mjumbe maalum wa umoja wa mataifa kwa ajili ya Sudan Volker Perthes, ameambia baraza la usalama la umoja wa mataifa jumanne kwamba kuna ishara kwamba makubaliano ya kusitisha vita yanatekelezwa."
Hakuna ishara za mazungumzo
"Volker Parthes hata hivyo amesema kwamba “hakuna upande umeonyesha nia ya kutaka kufanya mazungumzo, na kwamba kila upande una Imani ya kushinda vita hivyo."
"Haya ni maamuzi yasiyo sahihi,” amesema Parthes, akiongezea kwamba uwanja wa ndege wa Khartoum unafanya kazi lakini barabara ya ndege imeharibiwa."
"Tangu vita kati ya jeshi la Sudan na kundi la RSF vilipoanza April 15, na kusitisha mpango wa kuirejesha nchi hiyo chini ya utawala wa kidemokrasia, mapigano yamekuwa yakiendelea katika sehemu zinazokaliwa na watu, ambapo jeshi la serikali limekuwa likiwalenga wapiganaji wa RSF kwa kutumia mashambulizi ya angani."
Watu 459 wameuawa na zaidi ya 4000 kujeruhiwa.
Hospitali zimeharibiwa huku kukiwepo uhaba wa chakula katika nchi hiyo ambayo theluthi tatu ya watu milioni 46 wanategemea msaada wa chakula.
Wafungwa wanaotafutwa na mahakama ya ICC wameachiliwa huru
"Katika kile kinachoonekana kama kuharibika zaidi kwa hali ya usalama, aliyekuwa waziri katika serikali ya Sudan, Ahmed Haroun, anayetafutwa na mahakama ya uhalifu ya kimataifa ICC kwa makosa ya uhalifu wa kivita na uhalifu dhidi ya binadamu katika eneo la Dafur, amesema kwamba ameachiliwa huru pamoja na wenzake, kutoka gereza la Kober."
Haroun amesema kwamba hali katika gereza la Kober imekuwa mbaya sana katika siku za hivi karibuni.
"Mtu aliyekamatwa kwa kufanya maandamano na kuzuiliwa katika gereza hilo, amesema kwamba wafungwa wameachiliwa huru baada ya kukosekana maji na chakula kwa muda wa wiki nzima."
Haroun amesema kwamba watu wengine ambao wameachiliwa huru ni pamoja na waliokuwa maafisa katika serikali ya aliyekuwa rais Omar al-Bashir aliyeingia madarakani kupitia mapinduzi ya mwaka 1989 na serikali yake kuanguka mwaka 2019 kufuatia maandamano ya raia.
Mahakama ya ICC inamtafuta Haroun kwa kupanga mashambulizi ya dhidi ya raia katika eneo la Dafur kati ya mwaka 2003 na 2004.
Haijabainika kuhusu mahali alipo Omar al-Bashir.
Mkuu wa jeshi la Sudan Lt. Gen.
Abdel Fattah al-Burhan (kushoto) na kamanda wa kundi la RSF Mohamed Hamdan Daglo (kulia)
"Mabalozi, wafanyakazi wa kutoa msaada na raia wa kigeni wanaendelea kuondoka Sudan"
Nchi kadhaa zimeendelea kuwaondoa raia wake kutoka Sudan.
Pamoja na wanaoondoka ni mabalozi na wafanyakazi wa kutoa msaada.
Kuna wasiwasi kwamba huenda mapigano yakawa mabaya zaidi iwapo makubaliano ya kusitisha vita kwa muda wa siku tatu yatamalizika.
"Timu ya usalama wa kitaifa, ya utawala wa rais wa Marekani Joe Biden, inaendelea kufanya mazungumzo na viongozi wa kijeshi katika pande mbili zinazopigana ili kuacha mapigano na kutoa msaada wa kibinadamu."
"Mapigano yamekwamisha shughuli katika hospitali na huduma zingine muhimu, huku watu wakiwa wamekwama nyumbani kwao."
Shirika la kutoa msaada wa kimatibabu la Medecins Sans Frontieres (MSF) limeripoti kwamba miili ya watu imetapakaa barabarani.
Shirika la umoja wa mataifa la kuwahudumia wakimbizi limesema kwamba huenda maelfu ya watu kutoka Sudan wakakimbilia katika nchi Jirani.
"Kwa mjibu wa shirika la habari la AP, ilikuwa ni mapema nyakati za asubuhi ya Alhamisi wiki iliyopita, wakati wakazi katika kijiji kwenye jimbo la Yatenga waliamka na kuona kundi kubwa la watu waliokuwa na silaha waliovalia sare za kijeshi wakiendesha piki piki na magari yenye silaha, baadhi ya wanavijiji walitoka kwenye nyumba zao wakiwa na furaha kuwaona wanajeshi hao na kuwakaribisha."
"Lakini kwa bahati mbaya furaha yao ilikatizwa wakati waliposikia milio ya risasi, na kusababisha vifo vya kwanza, ilisema taarifa kutoka kwa wana vijiji."
"Kamishna wa haki za binadamu kwenye Umoja wa Mataifa Ravina Shamdasani katika taarifa yake Jumanne amesema takriban wakazi 150 waliuwawa, huku wengine wengi wakijeruhiwa wakati wa shambulizi hilo."
"Mapema wiki hii, ofisi ya mwendesha mashtaka ya Burkina Faso ilisema kwamba imeanzisha uchunguzi kuhusiana na mauaji hayo, ikisema kwamba idadi ya waliokufa ni 60, ikiwa chini ya nusu ya ile iliyoripotiwa na wakazi pamoja na UN.Kulingana na makundi ya kutetea haki za binadamu, mauaji kutoka kwa maafisa wa usalama yameongezeka Burkina Faso tangu Kapteni Ibrahim Traore alipochukua madaraka kupitia mapinduzi ya pili ya kijeshi Septemba 2022."
"Mapema mwezi huu, serikali ya Burkina Faso ilitangaza kwamba ingeanza uchunguzi wa madai ya ukikukwaji wa haki za binadamu, uliofanywa na maafisa wake wa usalama, baada ya video kwenye mitandao kuonyesha watoto 7 wakiuwawa na maafisa, kaskazini mwa nchi."
"Aprili 24 hadi Aprili 30 ni Wiki ya Chanjo Duniani, ambapo Kauli mbiu ya maadhimisho ya mwaka huu 2023 ni The Big Catch-Up."
"Lengo ni kwa kila mtu, hasa watoto, kupata chanjo ambazo huenda walizikosa wakati wa mlipuko wa virusi vya corona."
"Lengo kuu la Wiki ya Chanjo Duniani kulingana na Shirika la Afya Duniani (WHO) ni watoto zaidi, watu wazima na jamii zao kulindwa dhidi ya magonjwa yanayozuilika kwa chanjo kama vile polio na surua."
Matumizi ya kijeshi duniani yaliongezeka kwa mwaka wa nane mfululizo hapo mwaka 2022 hadi kiwango cha juu cha dola trilioni 2.24 na ongezeko kubwa barani Ulaya hasa kutokana na matumizi ya Russia na Ukraine taasisi ya tanki la fikra la Sweden lilisema Jumatatu.
"Matumizi ya kimataifa yaliongezeka kwa asilimia 3.7 kwa hali halisi, lakini matumizi ya kijeshi barani Ulaya yaliongezeka kwa asilimia 13 ongezeko lake kubwa zaidi la mwaka hadi mwaka katika angalau miaka 30 Taasisi ya Kimataifa ya Utafiti wa Amani ya Stockholm-Stockholm International Peace Research Institute (SIPRI) ilisema katika ripoti."
Msaada wa kijeshi kwa Ukraine na wasiwasi juu ya tishio kubwa kutoka kwa Russia uliathiri sana maamuzi mengi ya matumizi ya mataifa mengine.
"Shirika huru la uangalizi la Sweden limesema kwamba kwa mwaka jana matumizi makubwa matatu ya silaha ni Marekani, China na Russia, ambazo kati yao zilichangia asilimia 56 ya matumizi ya kimataifa."
"Waziri Mkuu wa Ethiopia Abiy Ahmed anasema serikali yake imeanzisha mazungumzo na kundi la waasi linaloendesha harakati zake katika mkoa wa Oromia, wenye watu wengi na mkubwa sana nchini humo unaozunguka mji mkuu Addis Ababa."
"Mashauriano ya Amani ambayo yatafanyika na The Oromo Liberation Army (OLA) yataanza wiki hii nchini Tanzania, Abiy alisema Jumapili."
Serikali ya Ethiopia na watu wake watahitaji sana mashauriano haya.
Ninatoa wito kwa kila mmoja kutekeleza jukumu lao.
OLA imekuwa ikipambana na serikali kuu ya Ethiopia tangu ilipogawanyika mwaka 2018 na kundi la kihistoria Oromo Liberation Front (OLF) wakati kilipokataa mapambano ya silaha.
Abiy alizungumza kwenye mkusanyiko wa vyama katika mchakato wa Amani wa Tigray ambao ulishuhudia makubaliano hapo Novemba 2 yakimaliza mzozo wa miaka miwili kati ya serikali kuu na kuasi mamlaka za mikoa.
Mataifa ya kigeni yalishinikiza Jumatatu kuwahamisha kwa haraka raia wao kutoka Sudan iliyokumbwa na vurugu ambako mapigano makali bado yanaendelea kwa siku ya 10 kati ya vikosi vinavyowatii majenerali wawili waliohasimiana.
"Wakati jeshi na vikosi vya kijeshi vikipambana tena mjini Khartoum na kote nchini humo wa-Sudan wenye hofu wanakabiliwa na uhaba mkubwa wa maji, chakula, dawa na mafuta pamoja na kukatika kwa umeme na internet, Umoja wa Mataifa (UN) imesema."
"Kiasi cha watu 427 wameuawa na Zaidi ya 3,700 wamejeruhiwa kulingana na mashirika ya Umoja wa Mataifa ambayo pia yanaripoti raia wa Sudan wanayakimbia maeneo yalioathiriwa na mapigano wakielekea Chad, Misri, na Sudan Kusini."
"Vyumba vya kuhifadhi maiti vimejaa, maiti zimezagaa mitaani, na hospitali ambazo zimezidiwa mara nyingi hulazimika kusitisha shughuli zake kwa sababu za kiusalama alisema Dr. Attiya Abdallah, mkuu wa muungano wa madaktari."
"Mapigano yanayoendelea nchini Sudan yameibua operesheni kadhaa za kuwahamisha raia wa kigeni au wafanyakazi wa ubalozi kwa njia ya barabara, anga na bahari."
Uwanja mkuu wa ndege katika mji mkuu Khartoum umekuwa eneo la mapigano makali na uko chini ya udhibiti wa vikosi vya Rapid Support Forces (RSF) ambavyo vinapambana na jeshi.
Baadhi ya uhamishaji unafanyika kutoka Port Sudan kwenda Bahari ya Sham mwendo wa umbali wa kilomita 850 kwa njia ya barabara kutoka Khartoum.
Mapigano makali nchini Sudan ambayo yamelitumbukiza taifa hilo katika vurugu na kuuliwa kwa mamia ya watu pia yameongeza hofu kuhusu hatma ya simba 25 na wanyama wengine katika hifadhi ya wanyamapori.
"Kituo hicho kimesema hakina umeme katika uzio kwasababu ya usalama kuzunguka eneo hilo na pia kinapungukiwa na chakula kwa ajili ya simba hao, ambao kila mmoja anahitaji kilo tano hadi 10 za nyama kwa siku."
"Ghasia zilizuka katika mji mkuu na kote Sudan hapo Aprili 15 kati ya vikosi vinavyomtii mkuu wa majeshi Abdel Fattah al-Burhan na naibu wake aliyegeuka hasimu wake Mohamed Hamdan Daglo, ambaye anaongoza vikosi vya Rapid Support Forces."
Mapigano hayo yamesababisha vifo vya zaidi ya watu 400 na kuwajeruhi maelfu ya watu pamoja na kutishia kuingia katika kiwango kikubwa cha machafuko katika nchi hiyo ya kaskazini mashariki mwa Afrika ambayo tayari ni moja ya nchi maskini sana duniani.
Afisa wa ngazi ya juu wa uchaguzi nchini Myanmar alipigwa risasi akiwa ndani ya gari lake mjini Yangon ambao ni mji mkuu wa kibiashara wa nchi hiyo katika shambulio la hivi karibuni lililohusishwa na wanamgambo wanaoupinga utawala wa kijeshi.
"Sai Kyaw Thu naibu mkurugenzi mkuu wa Tume ya Uchaguzi ya Muungano iliyoteuliwa na jeshi alipigwa risasi mara kadhaa Jumamosi kulingana na ofisi ya habari wa jeshi, ripoti za vyombo vya habari, na taarifa ya uwajibikaji kutoka kwa kundi la msituni."
"Ofisi ya habari siku ya Jumapili ilisema shambulio hilo lilifanywa na People’s Defense Force kitengo chenye silaha kilichoundwa kinachoiunga mkono serikali ya umoja wa kitaifa inayounga mkono demokrasia, kundi la siri ambalo linaipinga serikali iliyowekwa na jeshi ambayo ilianzishwa wakati jeshi lilipochukua madaraka miaka miwili iliyopita."
Vikosi vingi vya upinzani vikiwemo vikundi vya Jeshi la Ulinzi la Wananchi vinafanya kazi kwa uhuru kutoka serikali ya umoja wa kitaifa lakini jeshi linawataja wote kama magaidi.
"Polisi wa Morocco walikamata tani 5.4 za bangi zilizokuwa zimefichwa ndani ya lori lililokuwa likielekea Uhispania na kilo 60 za cocaine zilizojazwa kwenye samaki aina ya Tuna waliogandishwa barafu, maafisa wa usalama wamesema."
"Maafisa wa usalama na forodha walikamata bangi hiyo katika bandari ya kaskazini ya Tangier, ikiwa ndani ya lori la kimataifa la mizigo, Kurugenzi Kuu ya Usalama wa Taifa (DGSN) ilisema Jumamosi jioni."
Paketi hizo zilichomekwa kwenye fito nyembamba zilizopangwa kwenye upenyo maalum ndani ya gari.
Dereva huyo raia wa Morocco mwenye umri wa miaka 45 alikamatwa.
"Katika operesheni tofauti pia huko Tangier karibu kilo 60 za cocaine zilikamatwa Alhamisi ndani ya kontena lenye jokofu, polisi walisema."
Cocaine ilijazwa kwenye makopo ya tuna ikiwekwa alama kama inatoka Ecuador na kuelekea Uhispania.
Ujumbe wa wafanyabiashara wa India wenye wanachama 50 unaanza ziara ya siku nne nchini Russia Jumatatu wakati nchi zote mbili zikitaka kuimarisha uhusiano wa kiuchumi ambao umekua baada ya Russia kuivamia Ukraine.
"India na Russia pia ziko katika mazungumzo ya makubaliano ya biashara huru, mawaziri kutoka nchi hizo mbili walisema mapema wiki hii wakati wa ziara ya Naibu Waziri Mkuu wa Russia, Denis Manturov mjini New Delhi."
"Katika miezi ya hivi karibuni, Moscow imekuwa muuzaji mkubwa wa mafuta ghafi kwa India huku Russia ikipigwa na vikwazo na hivyo kutafuta biashara zaidi na nchi za Asia."
New Delhi haijajiunga na vikwazo vya Magharibi vinavyoongozwa na Marekani dhidi ya Moscow au kulaani moja kwa moja uvamizi wa Russia kwa Ukraine lakini imekuwa ikitoa wito wa suluhisho la mashauriano kwa mzozo huo.
Harry Belafonte afariki dunia
"Russia inaandikisha ""wanaume halisi"" kupigana katika uvamizi wake Ukraine"
Wanadiplomasia wa Marekani na familia zao wamehamishwa salama kutoka Sudan
Russia inajitahidi kudumisha uthabiti wa kuhalalisha vita nchini Ukraine; Inasema Uingereza
Polisi na raia Nigeria wameuawa na wanamgambo wanaotaka kujitenga
"Harry Belafonte, mwimbaji, mtunzi wa nyimbo na mwigizaji maarufu ambaye alianza kazi yake katika tasnia ya burudani akipiga wimbo wa hali ya juu ""Day O"" katika wimbo wake wa miaka ya 1950 ""Banana Boat"" kabla ya kugeukia harakati za kisiasa, amefariki dunia akiwa na umri wa miaka 96."
"Belafonte alifariki kutokana na ugonjwa wa moyo akiwa nyumbani kwake New York siku ya Jumanne akiwa na mkewe Pamela pembeni yake, kampuni ya msemaji wake wa muda mrefu Ken Sunshine ilisema katika taarifa."
"Kama mtu Mweusi ambaye aligundua mada za rangi katika sinema za miaka ya 1950, Belafonte baadaye aliendelea kufanya kazi na rafiki yake Martin Luther King Jr. wakati wa harakati za haki za kiraia nchini Marekani mapema katika miaka ya 60."
"Alishiriki katika wimbo maarufu wa watu mashuhuri wa kupambana na njaa Afrika ""We Are the World"" katika miaka ya 1980."
"Russia inaangalia kuandikisha “wanaume halisi” kupigana katika uvamizi wake wa Ukraine, Wizara ya Ulinzi ya Uingereza ilisema Jumapili katika taarifa yake ya kijasusi iliyochapishwa kwenye Twitter."
"Matangazo ya kampeni mpya kwenye mabango, televisheni, na mitandao ya kijamii pia yanaelezea tuzo za kifedha kwa kujisajili katika jeshi la Russia, lakini hakuna uwezekano mkubwa kwamba Russia itafikia lengo lake la kuandikisha watu laki nne wa kujitolea, wizara ya Uingereza imesema."
Ukraine ilitangaza vikwazo vipya dhidi ya watu binafsi au taasisi za kisheria zinazounga mkono au kuwekeza katika uvamizi wa Russia.
Katika hotuba yake ya video ya Jumamosi usiku Rais wa Ukraine Volodymyr Zelenskyy alisema kuwa Kyiv imeweka vikwazo kwa makampuni 322 ambayo yanatengeneza silaha na vifaa vya kijeshi kwa jeshi la Russia dhidi ya Ukraine.
Vikwazo zaidi vimewekwa dhidi ya watu binafsi na mashirika ya kisheria ambayo yanasaidia kukwepa vikwazo dhidi ya Russia alisema.
"Jukumu ni kuondoa fursa yoyote kwa Russia kukwepa vikwazo aliongeza, na kwamba vikwazo vikali dhidi ya uchumi katika vita vya Russia, hivi karibuni utakuwa mwisho wa uchokozi."
Vikosi maalum vya Marekani vilifanikiwa kuwahamisha wanadiplomasia wa Marekani na familia zao kutoka ubalozi wa Marekani mjini Khartoum mapema Jumapili.
"Operesheni hiyo ilichukua chini ya saa moja, maafisa walisema."
Ufaransa ilitangaza baadaye Jumapili kwamba inawahamisha pia wafanyakazi wake wa kidiplomasia kutoka Khartoum.
Waziri wa Mambo ya Nje wa Marekani Antony Blinken alisema katika taarifa Jumamosi jioni kwamba shughuli katika ubalozi wa Khartoum zimesitishwa kwa muda.
Blinken alisema alielekeza kufungwa kwa muda kwa ubalozi huo kwa sababu ya hatari kubwa na inayoongezeka ya usalama iliyosababishwa na mzozo kati ya vikosi vya jeshi la Sudan na Rapid Support Forces ambao umesababisha idadi kubwa ya vifo vya raia pamoja na majeruhi ilisema taarifa hiyo.
Rais Joe Biden katika taarifa yake Jumamosi jioni alisema zoezi la kuwaondoa watu limekamilika na anawashukuru wanajeshi wa Marekani waliofanya operesheni hiyo.
"Ninajivunia kujitolea kwa kipekee kwa wafanyakazi wetu wa ubalozi ambao walifanya majukumu yao kwa ujasiri na weledi na kujumuisha urafiki na uhusiano wa Marekani na watu wa Sudan, Biden alisema."
Ninashukuru kwa ustadi usio na kifani wa wahudumu wetu ambao walifanikiwa kuwafikisha salama.
"Rais Biden pia aliishukuru nchi ya Djibouti, Ethiopia na Saudi Arabia ambapo alisema wamefanya jukumu kubwa muhimu katika mafanikio ya operesheni yetu”."
Kiasi cha wamarekani 70 walisafirishwa kwa ndege kutoka ubalozi wa Marekani mjini Khartoum kwenda Ethiopia maafisa walisema.
Wafanyakazi wenzao wa kidiplomasia kutoka balozi nyingine ambao walikuwa katika ubalozi wa Marekani wakati ndege ilipowasili pia walijumuishwa katika operesheni hiyo ya ndege afisa mmoja alisema.
Biden alitoa agizo hilo walisema baada ya kupokea tathmini Jumamosi kutoka kwa washauri wa usalama wa taifa kwamba mapigano hayatapungua.
Katika taarifa zake za kijasusi za kila siku kuhusu Ukraine wizara ya ulinzi ya Uingereza ilisema Jumamosi kwamba Russia inajitahidi kudumisha uthabiti wa maelezo yake ya msingi inayoyatumia kuhalalisha vita nchini Ukraine.
Maelezo ni kwamba uvamizi kwa Ukraine ni sawa na uzoefu wa Sovieti katika Vita Kuu ya Pili ya Dunia.
Mapema mwezi huu Russia ilielezea masuala ya usalama kama sababu ya kufuta maadhimisho ya kila mwaka ya maandamano ya kumbukumbu ya Kikosi kisichosahaulika cha Vita Kuu ya Uzalendo-Great Patriotic War.
"Kiuhalisia wizara ilisema, mamlaka ilikuwa na wasiwasi mkubwa kwamba washiriki wangeangazia suala la hasara kubwa ya karibuni waliyoipata warussia."
Kwa upande mwingine ya maelezo ya Russia ni kilio cha maandamano kwamba kuna Wa-nazi nchini Ukraine.
"Lakini hivi sasa, hata hivyo, Yevgeny Prigozhin, ambaye ni mkuu wa Kundi la Wagner na pia rafiki wa Rais wa Russia, Vladimir Putin, amehoji hadharani uwepo wa Wa-nazi nchini Ukraine inapingana na uhalali wa Russia kwa uvamizi huo wizara ya Uingereza imesema."
"Katika hotuba yake kwa njia ya video Ijumaa usiku, Rais wa Ukraine Volodymyr Zelenskyy alisema Ukraine iko tayari kwa ajili ya kukabiliana na mashambulizi."
Washukiwa wanamgambo wanaotaka kujitenga wamewaua polisi wanne wa Nigeria na raia wawili wakati wa mapambano ya bunduki walipokuwa wakifanya doria kusini mashariki mwa nchi hiyo polisi imesema Jumamosi.
Shambulio la mapema Ijumaa asubuhi lilifanyika katika eneo la Ngor-Okpala katika Jimbo la Imo mahala ambako kundi la wazawa wa Biafra (IPOB) wanaotaka kujitenga na kitengo chake cha silaha Eastern Security Network (ESN) bado wanaendesha harakati zao.
Mashambulizi yanayolaumiwa kwa IPOB yamesababisha vifo vya maafisa kadhaa wa polisi katika kipindi cha miaka miwili iliyopita katika majimbo ya kusini- mashariki mwa Nigeria ambako kundi hilo linawasumbua watu wa kabila la Igbo.
"IPOB mara kwa mara imekanusha kuhusika na mashambulizi dhidi ya polisi, ofisi za serikali za mitaa na majengo ya taasisi za uchaguzi."
"Kujitenga ni suala nyeti nchini Nigeria ambako tangazo la Jamhuri huru ya Biafra lililotolewa na maafisa wa jeshi la Igbo, kusini -mashariki mwa nchi hiyo mwaka 1967 lilisababisha vita vya wenyewe kwa wenyewe vya miaka mitatu ambavyo vilisababisha vifo vya zaidi ya watu milioni moja."
"Kauli mbiu ya WHO 2023: “Ni wakati wa kutokomeza malaria: wekeza, buni na tekeleza"
"India yazindua mpango maalum kwa jina, 'Operation Kaveri', katika kuokoa raia wake kutoka Sudan"
"Shirika la Afya Duniani, WHO, linasema ni wakati muafaka kuzingatia athari za madhara yanayotokana na ugonjwa wa malaria kwa maisha ya watu na maendeleo ya kiuchumi katika Kanda ya Afrika."
"Mwaka 2021, kwa sababu ya hatua za pamoja zilizochukuliwa na nchi zilizoathiriwa na malaria na washirika wake, vifo vinavyotokana na malaria vilipungua ukilinganisha na 2020 licha ya kuwepo kwa athari za janga la COVID-19."
"Juhudi hiyo inaungwa mkono na katika kauli mbiu ya WHO mwaka huu: “Ni wakati wa kutokomeza malaria: wekeza, buni na tekeleza."
Ujumbe wa Shirika la Afya Duniani (WHO) unasema kuwa Malaria imekuwa ni adui sugu wa afya ya umma.
"Kulingana na Mkurugenzi wa WHO wa Kanda ya Afrika, Dkt Matshidiso Moeti."
"Mwaka 2021 malaria iliuwa watu 619,000, takriban asilimia 96 ya watu hao walikuwa wanaishi Afrika."
Kuna uwezekano wa mara sita mpaka 20 wa kuenea katika mazingira hatarishi ya mazalia ya mbu kuliko ilivyo kwa virusi vya Omicron vya Sar-cov-2.
WHO inasema kulikuwa na wakati ambapo ugonjwa wa malaria ulikuwa umeenea katika jamii sehemu kubwa ya ulimwengu.
Alieleza kuwa hivi sasa “tunaweza kuokoa maisha ya mamilioni ya watu kila mwaka kutokana na ugonjwa huu na vifo vinavyo sababishwa na malaria kufuatia hatua mpya tulizopiga katika kutokomeza ugonjwa huu.
"Chanzo cha habari hii ni Shirika la Afya Duniani, WHO."
Waziri wa mambo ya nje wa India S.
Jaishankar alisema India imeanza mchakato wa kuwaondoa raia wake kutoka Sudan.
Jumatatu waziri huyo alitweet kwamba “Operation Kaveri” inaendelea kuwarejesha raia wetu nyumbani waliokwama nchini Sudan.” Takriban raia 500 wa India Jumatatu walikuwa wamefika Port Sudan huku wengine engine wakiwa njiani.
Meli zetu na ndege ziko tayari kuwarejesha nyumbani.
"Tuna nia ya dhati ya kuwasaidia ndugu zetu nchini Sudan,” alisema Waziri."
"Mapigano yalizuka nchini Sudan Aprili 15, kufuatia mivutano ya madaraka kati ya majenerali wawili wa juu nchini humo - mkuu wa jeshi na mtawala wa kijeshi Jenerali Abdel Fattah Burhan, na kamanda wa kikosi chenye silaha kinachofadhiliwa na serikai cha Rapid Support Forces, RSF Jenerali Mohammed Dagalo."
"Ndege za kivita zimeripotiwa kupiga mabomu kwenye maeneo ya RSF ambako pia ni makazi yenye watu wengi maeneo ya mjini, na pande zote mbili zilipambana mitaani kwa kutumia bunduki na makombora,huku ghasia zikiendelea kusambaa."
"Maelfu ya watu wamejikuta wakiwa na uhaba mkubwa maji , chakula na dawa, wakilazimika kutoroka makwao, kulingana na shirika la afya duniani WHO."
Zaidi ya watu 400 wameuwawa huku maelfu wakijeruhiwa ndani ya siku 9 zilizopita tangu kuzuka kwa ghasia hizo.
Simulizi : Wazazi Wanaolea Watoto wa Rangi Tofauti
Thamana ya Mtoto wa Kike
Uasili: Wazazi wanaolea watoto wa rangi tofauti
Jinsi ya Kuwawezesha Wakimbizi: Kupata Nishati
Africa Cup of Nations 2017
Maafa ya Ukame na Njaa
Uchaguzi Kenya 2017
Ripoti Maalum Ajali Barabarani
Uchaguzi Uganda 2016
Kundi la viongozi vijane Afrika - YALI
"Ziara ya Rais Obama Kenya, Julai 23-26"
